# "Timestep" "MSD"
100000 0 
101000 0.22839051511796624 
102000 0.1927441773260543 
103000 0.25468669669796307 
104000 0.2614823958091525 
105000 0.27478109274193874 
106000 0.2557323236456369 
107000 0.2133499231396718 
108000 0.170178880223225 
109000 0.34363818151841174 
110000 0.32407936065408893 
111000 0.2905940029782958 
112000 0.28259433123212707 
113000 0.2511776750432137 
114000 0.2323811625844111 
115000 0.3824303738235329 
116000 0.282241180240866 
117000 0.22369959445070742 
118000 0.249296679338073 
119000 0.25631486399128867 
120000 0.2800595849746461 
121000 0.27393848554333505 
122000 0.2401858554782256 
123000 0.36610174087376607 
124000 0.23357762353934697 
125000 0.260181911703443 
126000 0.25112647764471024 
127000 0.22541269166882053 
128000 0.21478375636357536 
129000 0.23212016677135047 
130000 0.2583702741850382 
131000 0.3186177761085565 
132000 0.19521978722589173 
133000 0.2878873604554302 
134000 0.2800943373261015 
135000 0.30177490536063106 
136000 0.26587326537399775 
137000 0.28233501293845675 
138000 0.2929378406358372 
139000 0.33083346031612704 
140000 0.351497180313664 
141000 0.30817715544057117 
142000 0.29022105868791653 
143000 0.3236568216530082 
144000 0.36027319050637585 
145000 0.3144500563334535 
146000 0.28595312986576643 
147000 0.27668046400174817 
148000 0.3416229956070098 
149000 0.32742579957851575 
150000 0.3502178620623908 
151000 0.28482557198794345 
152000 0.2400378243958042 
153000 0.28454756166414524 
154000 0.28544238396622007 
155000 0.2889697207985271 
156000 0.23862149477259212 
157000 0.2741717815080484 
158000 0.28693669068845035 
159000 0.3122669674119044 
160000 0.33494637959240725 
161000 0.27745580852550406 
162000 0.3011260014026909 
163000 0.24884464709761855 
164000 0.2769572742930702 
165000 0.29578936881078854 
166000 0.2904740648135444 
167000 0.22901611566849855 
168000 0.3569600147918481 
169000 0.3072180272425668 
170000 0.30912659679326454 
171000 0.3637385121557734 
172000 0.3464314710465062 
173000 0.3166935072034274 
174000 0.2642924297866754 
175000 0.2639084274952599 
176000 0.31323046388697723 
177000 0.28897053508512444 
178000 0.28705485182803825 
179000 0.26902527600661236 
180000 0.3292910140474565 
181000 0.2782432882248176 
182000 0.2708338386566387 
183000 0.3160541750472553 
184000 0.25015369636220663 
185000 0.27801539182817064 
186000 0.26211576748085963 
187000 0.216611764251239 
188000 0.3136810752672234 
189000 0.3080975145469539 
190000 0.30176737705093765 
191000 0.26698197569138066 
192000 0.28099773608624834 
193000 0.40737843542954527 
194000 0.29277813347567605 
195000 0.3456108940112785 
196000 0.2620919857463364 
197000 0.21026309255707223 
198000 0.2696005537477473 
199000 0.19287793753389293 
200000 0.2304810030928478 
201000 0.28506045642716377 
202000 0.29415239299004214 
203000 0.2657402742782923 
204000 0.32608020172949664 
205000 0.25870022718275965 
206000 0.25744458462079256 
207000 0.31824914999930626 
208000 0.2496940938245673 
209000 0.39087633551576717 
210000 0.27531049355304743 
211000 0.28686462346856295 
212000 0.35395436828952054 
213000 0.285345534774321 
214000 0.2635703297933199 
215000 0.2904286489406079 
216000 0.29935006824466737 
217000 0.3253363133511675 
218000 0.32157815582053834 
219000 0.31284039371120237 
220000 0.24982900658875662 
221000 0.3130093388848901 
222000 0.3008305329500947 
223000 0.26696981517497753 
224000 0.3023758008289144 
225000 0.29610478148144254 
226000 0.2554044069235566 
227000 0.3021636835828149 
228000 0.259732997558802 
229000 0.2418099910471122 
230000 0.3305428758624256 
231000 0.322934906683183 
232000 0.28554526416469883 
233000 0.30787336172367574 
234000 0.23599055361356172 
235000 0.28055901467394123 
236000 0.32868110025418257 
237000 0.3526786875866385 
238000 0.27606958795522885 
239000 0.27407127684033145 
240000 0.21614371746501906 
241000 0.2776897203268877 
242000 0.27127576701789535 
243000 0.3146840905407186 
244000 0.32263282698441226 
245000 0.30986456482990965 
246000 0.2669802480184797 
247000 0.2167283339296726 
248000 0.27319791385384223 
249000 0.2975770413381273 
250000 0.2680017113104339 
251000 0.30980266489375446 
252000 0.25997041482470856 
253000 0.25626636217739507 
254000 0.3421190992013498 
255000 0.22306340379016878 
256000 0.28402590013733836 
257000 0.21999994009445642 
258000 0.3252279511468331 
259000 0.31436067495002756 
260000 0.22329781189928766 
261000 0.23876934893885196 
262000 0.33544634515397354 
263000 0.32443204090581745 
264000 0.27565576820090587 
265000 0.2917502082726922 
266000 0.2840917879653772 
267000 0.3045529192468612 
268000 0.33233500439250313 
269000 0.26934709916569527 
270000 0.25698859549154246 
271000 0.3133607878682991 
272000 0.2432498721160102 
273000 0.33108016141817953 
274000 0.29264439122489067 
275000 0.2719146533830698 
276000 0.21817393177857383 
277000 0.2692791226284439 
278000 0.31236509025856957 
279000 0.3372579547446466 
280000 0.37159049595484217 
281000 0.33103821116460336 
282000 0.25803579562654827 
283000 0.2543151749066936 
284000 0.23713256662421364 
285000 0.29768862875956187 
286000 0.23735973610302455 
287000 0.3033614733064583 
288000 0.3078324380714777 
289000 0.30183628203959884 
290000 0.23942663815380308 
291000 0.25600629381590545 
292000 0.27032535803484353 
293000 0.24258526786441145 
294000 0.19837635105444 
295000 0.2325817830275907 
296000 0.314910193853181 
297000 0.2081203465278408 
298000 0.2801543380894884 
299000 0.2663356588812254 
300000 0.28284899073721664 
301000 0.25010285638844837 
302000 0.2753178146265331 
303000 0.27173799146155875 
304000 0.26599331212815197 
305000 0.24409329249318376 
306000 0.29582853727232 
307000 0.28298599396009716 
308000 0.24474312442898352 
309000 0.2707595886039693 
310000 0.29291072301442256 
311000 0.2912592293795375 
312000 0.31531652823898204 
313000 0.26730579314554387 
314000 0.23905191898731273 
315000 0.2831408111519773 
316000 0.2326284168443117 
317000 0.28471904644673446 
318000 0.3573141552279588 
319000 0.2871653674875061 
320000 0.30231302220020556 
321000 0.248939178073031 
322000 0.3007184437426919 
323000 0.2861722354195601 
324000 0.35875928785600614 
325000 0.2614678006237137 
326000 0.3058904454432172 
327000 0.21711775313013984 
328000 0.26415477765058637 
329000 0.26371553803527237 
330000 0.26952446671736346 
331000 0.28328257068601365 
332000 0.23108533741141524 
333000 0.3098409981274992 
334000 0.3472304022748207 
335000 0.2824295801340916 
336000 0.2136628197364221 
337000 0.2982792031909345 
338000 0.2662305278747552 
339000 0.24338816222127377 
340000 0.3237028482777691 
341000 0.3696067631531475 
342000 0.29193580860790475 
343000 0.32132079972544025 
344000 0.29467694715461784 
345000 0.3431664846227492 
346000 0.30409653075967813 
347000 0.2993558787470854 
348000 0.29892700052067656 
349000 0.2651233727417961 
350000 0.24469219853437338 
351000 0.2835370910971275 
352000 0.2506754123982547 
353000 0.2861222474083829 
354000 0.23777103368456345 
355000 0.2229423716901581 
356000 0.2841938253150726 
357000 0.2850346155330629 
358000 0.3421692036074127 
359000 0.31030472528894504 
360000 0.23206886294182183 
361000 0.27964323988830514 
362000 0.3250015834124236 
363000 0.3147941408441009 
364000 0.3183312331858748 
365000 0.23912580743670045 
366000 0.35891289769406914 
367000 0.25473950203361584 
368000 0.3010775689643661 
369000 0.39054560784687853 
370000 0.3857870650860559 
371000 0.26438477986415804 
372000 0.3837279940765021 
373000 0.28168748049010167 
374000 0.27040783693046316 
375000 0.3012078580962357 
376000 0.24651023938947436 
377000 0.2160018334287298 
378000 0.36655097065373354 
379000 0.24396711445742914 
380000 0.25145614059845695 
381000 0.2809678226821939 
382000 0.25545056058437876 
383000 0.264235648399788 
384000 0.274241562510757 
385000 0.28456936032402264 
386000 0.3185978393569257 
387000 0.20150337012448963 
388000 0.2490386318023504 
389000 0.2932095890479085 
390000 0.2809823122074366 
391000 0.2569290363977743 
392000 0.33936855396056115 
393000 0.2471900576850802 
394000 0.2967235676771584 
395000 0.2551945320818784 
396000 0.2596577811054641 
397000 0.2320370386501749 
398000 0.23955140128577404 
399000 0.2221098339219211 
400000 0.26639593800524325 
401000 0.29085723870909536 
402000 0.3014176168730858 
403000 0.38394438925636637 
404000 0.31850848628483736 
405000 0.25865237780905775 
406000 0.29232898526039247 
407000 0.2558466253678791 
408000 0.30050262483961965 
409000 0.3401783689377296 
410000 0.2991893885607603 
411000 0.28111605243980325 
412000 0.33361638386704534 
413000 0.3260520550079842 
414000 0.23726976795016105 
415000 0.2881395257054132 
416000 0.2434466300753472 
417000 0.33809294664305795 
418000 0.31868438293753226 
419000 0.2878440245202713 
420000 0.3159347743991398 
421000 0.23693561365340957 
422000 0.2947924398154691 
423000 0.26971002876840805 
424000 0.3172669673549084 
425000 0.30415081945982947 
426000 0.31292940827141646 
427000 0.2745395128448034 
428000 0.28737786581690467 
429000 0.2597311877431628 
430000 0.32223561299547376 
431000 0.35356623699175627 
432000 0.4037177696167003 
433000 0.24922651157556022 
434000 0.3038997790324222 
435000 0.21212618835858066 
436000 0.27610777149379034 
437000 0.2511654590036783 
438000 0.27594228384951985 
439000 0.25914903601807265 
440000 0.2730907339422268 
441000 0.327421587706557 
442000 0.2724081720265234 
443000 0.2411047774400821 
444000 0.25583963955822925 
445000 0.28881172007768935 
446000 0.30700855015998657 
447000 0.2868120535958007 
448000 0.31816053140458456 
449000 0.33166196516515367 
450000 0.39222697430682446 
451000 0.2990242959521218 
452000 0.2586720825719803 
453000 0.2512749563425322 
454000 0.35260142449985504 
455000 0.32313081174435876 
456000 0.3619849307811079 
457000 0.36021557456547465 
458000 0.30282628809749024 
459000 0.36280222240451065 
460000 0.32281323131167144 
461000 0.29464381404099893 
462000 0.41360816608556394 
463000 0.31235203432759945 
464000 0.4066975114130771 
465000 0.3052031879573226 
466000 0.2561470553494693 
467000 0.34451419254928495 
468000 0.2550491834146047 
469000 0.28129047803530133 
470000 0.26163202593802265 
471000 0.2721391933852643 
472000 0.2847830082158374 
473000 0.3319328645786804 
474000 0.3295054817237451 
475000 0.413455758040884 
476000 0.22608526060973552 
477000 0.2887864118230142 
478000 0.30255257538500724 
479000 0.25466460543526054 
480000 0.30557505010021263 
481000 0.38162401806586965 
482000 0.307992656884603 
483000 0.3211907076601385 
484000 0.29508408199710734 
485000 0.3567351827433162 
486000 0.31116209652081106 
487000 0.35380365283188525 
488000 0.2792517848389748 
489000 0.33451603594703855 
490000 0.37758486836064903 
491000 0.3036965070916669 
492000 0.38762802071374897 
493000 0.3202550103687432 
494000 0.2916694999569123 
495000 0.3289065427699232 
496000 0.33029138793717894 
497000 0.28623203898211186 
498000 0.37804869928446677 
499000 0.32139231184124856 
500000 0.2979117970136191 
501000 0.3397314333521133 
502000 0.3076439089203277 
503000 0.33739124488858246 
504000 0.38634529629882214 
505000 0.3619079977029567 
506000 0.31765401522735726 
507000 0.33904674216659264 
508000 0.3496812293510559 
509000 0.34514226155155187 
510000 0.3302017146200075 
511000 0.2596958468753935 
512000 0.3306769852762856 
513000 0.3444088490383373 
514000 0.2900199357834112 
515000 0.32193781461940535 
516000 0.36754198928954906 
517000 0.30362958077434277 
518000 0.25404657893439947 
519000 0.29795467340535 
520000 0.2747192234592319 
521000 0.25324165769449086 
522000 0.3172330303407514 
523000 0.3117867499687272 
524000 0.2950855799126055 
525000 0.2659104877568302 
526000 0.3403791408448292 
527000 0.2570103524462967 
528000 0.24841274678313377 
529000 0.24831371472070973 
530000 0.27609612514897564 
531000 0.27324095688337197 
532000 0.24332773739271008 
533000 0.34007026968163573 
534000 0.32315570383462994 
535000 0.33944369674381614 
536000 0.2809677477101861 
537000 0.32468615193559336 
538000 0.2760561079519725 
539000 0.32453545638315434 
540000 0.3475779776898172 
541000 0.30959962095184385 
542000 0.3328647641682862 
543000 0.3638925269072471 
544000 0.3203080525974859 
545000 0.31474014409595136 
546000 0.3515057944397781 
547000 0.3371361483132364 
548000 0.3393171185022658 
549000 0.33881010613964674 
550000 0.283531740557251 
551000 0.2877368473439526 
552000 0.3732772101828219 
553000 0.33588048147256383 
554000 0.27843978001101116 
555000 0.32730059860607447 
556000 0.34201075240012785 
557000 0.2914445380590182 
558000 0.4070644300915435 
559000 0.26933321055240433 
560000 0.2580709329448172 
561000 0.3002005095036711 
562000 0.371176947481683 
563000 0.3364460061419227 
564000 0.2729144126649428 
565000 0.30814693994010484 
566000 0.2712423633905799 
567000 0.29097912579386903 
568000 0.28559570177049004 
569000 0.3051129335100624 
570000 0.3711924212274922 
571000 0.3608461476365446 
572000 0.271796044751385 
573000 0.32632912227433303 
574000 0.2720910322701086 
575000 0.2666626504209602 
576000 0.3177316190921498 
577000 0.331844151451619 
578000 0.2142280455543116 
579000 0.3354865496327409 
580000 0.2597492722140935 
581000 0.29447770826590863 
582000 0.30232042365566664 
583000 0.32854312899522636 
584000 0.22310035487314842 
585000 0.30733677007582977 
586000 0.3791282375660099 
587000 0.30776172368823224 
588000 0.285897913735486 
589000 0.30602615291023505 
590000 0.32711964294239887 
591000 0.3424180648396953 
592000 0.32479664296837035 
593000 0.34077738234103433 
594000 0.2555851114206007 
595000 0.3353929409326817 
596000 0.2310027793734851 
597000 0.2871459779087177 
598000 0.290626045727619 
599000 0.3034062571359876 
600000 0.28084609879012773 
601000 0.273762183272824 
602000 0.3130529560367651 
603000 0.3431404890827741 
604000 0.25963062982111756 
605000 0.31366762834985135 
606000 0.3816437060477809 
607000 0.3426736300638045 
608000 0.2651652503180472 
609000 0.3046739992598378 
610000 0.2546113100289602 
611000 0.3296849694039948 
612000 0.3572067251185515 
613000 0.33367573796181454 
614000 0.2884196473776618 
615000 0.2921587626275566 
616000 0.2847621793213135 
617000 0.28116250929934355 
618000 0.33165791214952534 
619000 0.28738559657802876 
620000 0.27229025882814717 
621000 0.3697553186462766 
622000 0.2752772791234741 
623000 0.3324786651672355 
624000 0.35446973283894545 
625000 0.24461286026398055 
626000 0.260818291691793 
627000 0.24926222420747934 
628000 0.32147536950018213 
629000 0.22797086933420851 
630000 0.2687087581246289 
631000 0.28910037616812617 
632000 0.36612334152662346 
633000 0.3702759310113832 
634000 0.2909346866103885 
635000 0.3275240607143613 
636000 0.2816436798635238 
637000 0.2967722366060758 
638000 0.335667671037808 
639000 0.2536339568171117 
640000 0.23169565183635132 
641000 0.27378577520565645 
642000 0.26362498235697807 
643000 0.29388990292577094 
644000 0.2502394269934526 
645000 0.3278682848338061 
646000 0.3148082648956028 
647000 0.2711718055724244 
648000 0.3332415355045216 
649000 0.3083388311870438 
650000 0.32251274402031 
651000 0.34010962712100407 
652000 0.2698006012688144 
653000 0.277682361089806 
654000 0.3415408466048357 
655000 0.32768361871874235 
656000 0.38404247119218593 
657000 0.2893678745059004 
658000 0.3743248494724556 
659000 0.2701773937317505 
660000 0.2585447775324741 
661000 0.3014017789085481 
662000 0.2975135963859025 
663000 0.299510127765887 
664000 0.36535444158464875 
665000 0.4027362926814598 
666000 0.281917157476087 
667000 0.2744049844408028 
668000 0.3219730579724202 
669000 0.35049431994081387 
670000 0.24767330368548446 
671000 0.3839365716435519 
672000 0.3464170843743886 
673000 0.40765786275385646 
674000 0.299006326270236 
675000 0.29014779673291263 
676000 0.3070544093742742 
677000 0.25236042791532715 
678000 0.39124403250824535 
679000 0.21689192037545155 
680000 0.32518461528244225 
681000 0.3181578882281001 
682000 0.2664906875013527 
683000 0.3298137006286646 
684000 0.29082316489032145 
685000 0.33328423762626097 
686000 0.3934554981761438 
687000 0.2565534441913218 
688000 0.2617304323401695 
689000 0.291275613272146 
690000 0.30880122118764436 
691000 0.2764901154725369 
692000 0.29059107982172633 
693000 0.2915371813625891 
694000 0.2933301934386414 
695000 0.40116093878704934 
696000 0.33614172337199194 
697000 0.3113500833699832 
698000 0.345937220530947 
699000 0.27712281399484706 
700000 0.31158541462440364 
701000 0.372047438075163 
702000 0.2806949060916853 
703000 0.22896391902230143 
704000 0.291147248665241 
705000 0.264433581591343 
706000 0.2848452115772988 
707000 0.22828397785896148 
708000 0.2970824576082891 
709000 0.2283642768644428 
710000 0.200060669207364 
711000 0.2980108613570603 
712000 0.2655271742699102 
713000 0.3609760278512814 
714000 0.29714369867868945 
715000 0.3189396963698156 
716000 0.2634175007523824 
717000 0.24231772921068298 
718000 0.3525149762686975 
719000 0.35013200406340755 
720000 0.2769788208091513 
721000 0.2957929317512065 
722000 0.322972354214176 
723000 0.242302774743389 
724000 0.2713284930853147 
725000 0.28464991529825595 
726000 0.3807023051616046 
727000 0.31295416967594364 
728000 0.30501353594315295 
729000 0.2718236948015798 
730000 0.3532015019242945 
731000 0.29498485094153265 
732000 0.2763505263920973 
733000 0.35503847214329204 
734000 0.4128117201348613 
735000 0.24862150897322685 
736000 0.283382739508857 
737000 0.2576639812726553 
738000 0.3549611548326263 
739000 0.29346643170322745 
740000 0.27794345826379874 
741000 0.33291798601830547 
742000 0.21274755610760995 
743000 0.28060630021563043 
744000 0.23632630102862615 
745000 0.24719746426463055 
746000 0.2642713459456408 
747000 0.3163127453891244 
748000 0.3518350240133376 
749000 0.2657125707837615 
750000 0.2380837516734778 
751000 0.2269332590354544 
752000 0.3049340678401529 
753000 0.2585323648995587 
754000 0.34330551045015323 
755000 0.2533591094274698 
756000 0.23780305991961573 
757000 0.27803472129248225 
758000 0.3427720086136575 
759000 0.3342177968829804 
760000 0.27645743591071464 
761000 0.22024221538227043 
762000 0.32264403972990346 
763000 0.274107558769814 
764000 0.33334662995032494 
765000 0.31927063973884723 
766000 0.29117432384414726 
767000 0.20273957389556108 
768000 0.2533772442111994 
769000 0.31421145442627285 
770000 0.3272544744946001 
771000 0.28941283703908544 
772000 0.2797238139241647 
773000 0.3074727404741646 
774000 0.30799929725990105 
775000 0.28236929639881 
776000 0.2740104812205163 
777000 0.26217307868511486 
778000 0.2547119697910192 
779000 0.38308544101529574 
780000 0.314871048751777 
781000 0.354478783241393 
782000 0.3030337796800645 
783000 0.37245496650624244 
784000 0.34028058576853315 
785000 0.33628698874003216 
786000 0.38926627026694066 
787000 0.24843326797986462 
788000 0.322924894502139 
789000 0.3050449787963606 
790000 0.28351113919383564 
791000 0.24390512582261334 
792000 0.33778396987940673 
793000 0.30903896602205166 
794000 0.27384692710976116 
795000 0.3384218482655852 
796000 0.2907788746572615 
797000 0.302817203806558 
798000 0.2437342764857664 
799000 0.37302842346721093 
800000 0.3133307946300476 
801000 0.33846690928102846 
802000 0.3218805509565338 
803000 0.3243931743972137 
804000 0.22609344489930897 
805000 0.2315309857583159 
806000 0.3132761501501895 
807000 0.28253998957794113 
808000 0.3058110139081445 
809000 0.29313144251531564 
810000 0.3308705948500373 
811000 0.2852568436939024 
812000 0.27960201768230813 
813000 0.2908589382196968 
814000 0.3277479335135527 
815000 0.27133667255045407 
816000 0.2658864417472358 
817000 0.30723176383621953 
818000 0.2744125359761497 
819000 0.20979011534557482 
820000 0.2531534412725784 
821000 0.3031131864752454 
822000 0.3621989179012673 
823000 0.23500268884177347 
824000 0.29006233220849165 
825000 0.32948059132557245 
826000 0.2733737120802598 
827000 0.3114635844328839 
828000 0.31702848270454276 
829000 0.2971656117957475 
830000 0.23322127192124362 
831000 0.22676804215989899 
832000 0.2699799757852031 
833000 0.22618863568767592 
834000 0.2658194178455802 
835000 0.26614634429907813 
836000 0.2543561977648571 
837000 0.24847483565111092 
838000 0.2509237225346828 
839000 0.2512175680245498 
840000 0.3003488795957964 
841000 0.2799020639046726 
842000 0.2781812712089113 
843000 0.26522197632111894 
844000 0.2524916009085209 
845000 0.24364062758105576 
846000 0.32823521709781545 
847000 0.19885201886926573 
848000 0.27205413908220666 
849000 0.28768507347535693 
850000 0.2887699334108719 
851000 0.329418571358672 
852000 0.3381571096094764 
853000 0.24519758174478842 
854000 0.26801422787498896 
855000 0.2995483187171443 
856000 0.29586522669231424 
857000 0.3312516566284869 
858000 0.29995137476442957 
859000 0.3157169072314167 
860000 0.24073582969864749 
861000 0.307146113620539 
862000 0.38121639106395017 
863000 0.24147641715858825 
864000 0.28970600290851584 
865000 0.32542007237820886 
866000 0.3137305205606442 
867000 0.33699375846101365 
868000 0.23707131777711474 
869000 0.28360696655685064 
870000 0.25394195860368046 
871000 0.2519592526862598 
872000 0.26205552184197395 
873000 0.24470575904702305 
874000 0.26922974010480033 
875000 0.30935652833260935 
876000 0.2725879178427642 
877000 0.2833223877533232 
878000 0.26468493834604306 
879000 0.2673309206903298 
880000 0.2776157650800295 
881000 0.370076840131915 
882000 0.24343170289166183 
883000 0.2387286194517847 
884000 0.2321435758794522 
885000 0.21333259922806583 
886000 0.3049745149755587 
887000 0.2588969052292061 
888000 0.29966962425804267 
889000 0.24662006158125757 
890000 0.23909846058341286 
891000 0.2808726977689666 
892000 0.2885667928966285 
893000 0.2984657606357517 
894000 0.31269753814213563 
895000 0.3181490141372248 
896000 0.2742875237825053 
897000 0.2850234838060111 
898000 0.28399356064861825 
899000 0.29425286803372636 
900000 0.2532590416590261 
901000 0.21715085641482745 
902000 0.31956134866700775 
903000 0.2953172699549192 
904000 0.2740180182882039 
905000 0.3162543501458557 
906000 0.30113208951386067 
907000 0.2512661801406331 
908000 0.298983413676759 
909000 0.3120086318850548 
910000 0.29882554191631366 
911000 0.3027619127727195 
912000 0.3187911322461521 
913000 0.2765140762572294 
914000 0.3024020162945265 
915000 0.22698447090555574 
916000 0.23147677524891155 
917000 0.2789145228412844 
918000 0.2851254016179598 
919000 0.27357068486453434 
920000 0.23445173700603872 
921000 0.2862717192503705 
922000 0.2846972505796963 
923000 0.2630903589211478 
924000 0.29971121266705547 
925000 0.41287252492662674 
926000 0.3350047064483313 
927000 0.3368874428320063 
928000 0.31281231665635534 
929000 0.33659693594826273 
930000 0.28214944790453506 
931000 0.3297548541271527 
932000 0.3457122101531047 
933000 0.27654262875532754 
934000 0.32468895367348666 
935000 0.2529651000707505 
936000 0.3529489714417839 
937000 0.2598209298458672 
938000 0.3608455974772556 
939000 0.291636643378345 
940000 0.24898508378654183 
941000 0.2864984070104801 
942000 0.3303653867502591 
943000 0.3155968343874301 
944000 0.2657659598691808 
945000 0.2351898757910699 
946000 0.2605262737215151 
947000 0.3038321041403498 
948000 0.2044135054573375 
949000 0.3256462004264528 
950000 0.26229170925978035 
951000 0.24839460458166882 
952000 0.2800310387555632 
953000 0.2384508609516791 
954000 0.2815332159931047 
955000 0.2992648842134848 
956000 0.32927680879337357 
957000 0.2971979309689768 
958000 0.27208688206979964 
959000 0.2632065705375171 
960000 0.25124867451196314 
961000 0.2764308238989858 
962000 0.29390335009672475 
963000 0.2765723375912543 
964000 0.36226076649923594 
965000 0.2729421378450392 
966000 0.3047465147723512 
967000 0.30969472148902694 
968000 0.28349587540895266 
969000 0.33369361978966694 
970000 0.25819537527694414 
971000 0.3017976113389322 
972000 0.29434718961864714 
973000 0.262890484049591 
974000 0.32788451441493 
975000 0.2835212217716044 
976000 0.3673355465721386 
977000 0.3119406850022796 
978000 0.3922818296828185 
979000 0.24139773301574627 
980000 0.327204980706017 
981000 0.36962084379277593 
982000 0.3437324967644623 
983000 0.38864035684085185 
984000 0.32789274766594784 
985000 0.31456183184494535 
986000 0.24803498014838013 
987000 0.20023363169905006 
988000 0.28924074194485977 
989000 0.26118992563823534 
990000 0.34217424503444 
991000 0.29647845234893017 
992000 0.2384467619143201 
993000 0.335434699911943 
994000 0.32582890978891565 
995000 0.25908032208280046 
996000 0.2600514822530469 
997000 0.3401684611775579 
998000 0.2918799588745829 
999000 0.22964107392961983 
1000000 0.32171650489619535 
1001000 0.2699061143558917 
1002000 0.2636735155839445 
1003000 0.20733003473713116 
1004000 0.28821495896734284 
1005000 0.24146651098444036 
1006000 0.23882304019295186 
1007000 0.2545510281138487 
1008000 0.2412111953491629 
1009000 0.2843080026496873 
1010000 0.30269269182391906 
1011000 0.2403086271642039 
1012000 0.3036314830931205 
1013000 0.2833819552033625 
1014000 0.32140722804275856 
1015000 0.3036977628607375 
1016000 0.3159535902818473 
1017000 0.3021433284514181 
1018000 0.2299912126389042 
1019000 0.3687095888064775 
1020000 0.2884492349746686 
1021000 0.3390858330982902 
1022000 0.30988295877612876 
1023000 0.23891355472365935 
1024000 0.2474305397698449 
1025000 0.2576820459181936 
1026000 0.26054161064019493 
1027000 0.28123148957372324 
1028000 0.26168633293055654 
1029000 0.2268164018558431 
1030000 0.2673030590484668 
1031000 0.26510727328498473 
1032000 0.3431714706993468 
1033000 0.26666637926312514 
1034000 0.3048604289235617 
1035000 0.22666867656744083 
1036000 0.26735105605374326 
1037000 0.33644736272606474 
1038000 0.2569953752642849 
1039000 0.2691648788137957 
1040000 0.24522338137784713 
1041000 0.28622650863880555 
1042000 0.2778686077067154 
1043000 0.28453456984422903 
1044000 0.274689148641355 
1045000 0.31421429141118923 
1046000 0.22822086556758828 
1047000 0.27129052358070743 
1048000 0.2546585516309207 
1049000 0.2968681750583071 
1050000 0.2607284152645858 
1051000 0.22256035939716298 
1052000 0.27668067698563376 
1053000 0.32066331256746045 
1054000 0.3323177943948202 
1055000 0.26602559547545096 
1056000 0.2849411657561595 
1057000 0.27782943317943365 
1058000 0.2734262013255055 
1059000 0.3486915600192613 
1060000 0.3544333374668866 
1061000 0.214779323115631 
1062000 0.2817160242128562 
1063000 0.3251945831681602 
1064000 0.2764463845386172 
1065000 0.22490058370839147 
1066000 0.2464696868690948 
1067000 0.24067484903522376 
1068000 0.29270007003999277 
1069000 0.23034967010882404 
1070000 0.2916915142646174 
1071000 0.3003651419074693 
1072000 0.3003448997111421 
1073000 0.3279977340979657 
1074000 0.21929061479777975 
1075000 0.2852739544940322 
1076000 0.25565783924793756 
1077000 0.26671725000307883 
1078000 0.3315230689479063 
1079000 0.22658932968686116 
1080000 0.2513776375504365 
1081000 0.24899487127741757 
1082000 0.2716270077855183 
1083000 0.24722657849629545 
1084000 0.283867617238871 
1085000 0.2908452668371422 
1086000 0.3193637694299231 
1087000 0.30707995533416793 
1088000 0.3452834724693186 
1089000 0.2604226898150332 
1090000 0.3081570672032067 
1091000 0.33174289272859836 
1092000 0.32297265604261993 
1093000 0.24965445553876 
1094000 0.24199069142326404 
1095000 0.33602702163538395 
1096000 0.29794991118665576 
1097000 0.3388061583301294 
1098000 0.26246283710886753 
1099000 0.23898446902132306 
1100000 0.32924843521716834 
1101000 0.19779822699008257 
1102000 0.2775154134888444 
1103000 0.26112742259860194 
1104000 0.2828207564003232 
1105000 0.3126485586706654 
1106000 0.2568111969126257 
1107000 0.25239568815276964 
1108000 0.38705008261183016 
1109000 0.3722901278824036 
1110000 0.3348447904859742 
1111000 0.31381773037301025 
1112000 0.32885387699488194 
1113000 0.28777262274769994 
1114000 0.3439381119465397 
1115000 0.24162594124618786 
1116000 0.3045564582917916 
1117000 0.2526805880209572 
1118000 0.2683737466925713 
1119000 0.20409001022488704 
1120000 0.28935730703365753 
1121000 0.2221638190128039 
1122000 0.23809509994438596 
1123000 0.28660272784855384 
1124000 0.27411516226156774 
1125000 0.24116515082784784 
1126000 0.21468618813498241 
1127000 0.24595564432164543 
1128000 0.2880351393937641 
1129000 0.26574537708926754 
1130000 0.28022054941051167 
1131000 0.25555971913971526 
1132000 0.2715363539294515 
1133000 0.27360473324050044 
1134000 0.282819837141238 
1135000 0.2533356135091066 
1136000 0.25141341519180505 
1137000 0.2685784215433545 
1138000 0.28160338598270246 
1139000 0.2582257747629103 
1140000 0.2271448984640573 
1141000 0.29160668251994565 
1142000 0.3065609168347678 
1143000 0.2332221613449479 
1144000 0.27978009250949026 
1145000 0.27796324373481335 
1146000 0.3058038867135899 
1147000 0.28418234490347 
1148000 0.31773333901720047 
1149000 0.27647185009241165 
1150000 0.3600164166516963 
1151000 0.359861820554519 
1152000 0.3366425119659618 
1153000 0.2773009454348265 
1154000 0.29750118464448577 
1155000 0.24393787522382326 
1156000 0.2192034772307371 
1157000 0.23032434185748132 
1158000 0.30426799270882815 
1159000 0.3459836640076412 
1160000 0.34100765959718293 
1161000 0.30551577933093454 
1162000 0.25407347779877554 
1163000 0.3515045880624104 
1164000 0.3990579594829737 
1165000 0.35819262253298473 
1166000 0.33307328134053243 
1167000 0.2605176318277069 
1168000 0.35438483388783 
1169000 0.2694561336759907 
1170000 0.3469478445821763 
1171000 0.30427571019079375 
1172000 0.2854541482368875 
1173000 0.25630775377828124 
1174000 0.3366465667960794 
1175000 0.2225534321445969 
1176000 0.22890800079629015 
1177000 0.2527534406990397 
1178000 0.3510801743031083 
1179000 0.22312042649792962 
1180000 0.3058685469522694 
1181000 0.22437634876047582 
1182000 0.26386540033518235 
1183000 0.2874322307754899 
1184000 0.3205884325750893 
1185000 0.2691457250934038 
1186000 0.4168754536638251 
1187000 0.2947837249970903 
1188000 0.2506819346239317 
1189000 0.25683861824154797 
1190000 0.25118175446177227 
1191000 0.33023046857160115 
1192000 0.2800494621219912 
1193000 0.3007559951708701 
1194000 0.22283369925988494 
1195000 0.3250611527742451 
1196000 0.2814645511120711 
1197000 0.24947213539044807 
1198000 0.30827639913568816 
1199000 0.274804982296383 
1200000 0.26663595575984483 
1201000 0.23499379658175082 
1202000 0.2992714833070796 
1203000 0.24716095082157394 
1204000 0.4024543980661148 
1205000 0.394180935502171 
1206000 0.33842125038964754 
1207000 0.2950007370137377 
1208000 0.31472324924696854 
1209000 0.2723366052662461 
1210000 0.2988832602691634 
1211000 0.24574415887409193 
1212000 0.3241861642031239 
1213000 0.3056091746075233 
1214000 0.253386421833185 
1215000 0.21239452652033797 
1216000 0.35504714252647146 
1217000 0.3100446339099254 
1218000 0.22375721911512256 
1219000 0.37418370548265 
1220000 0.23944854683628428 
1221000 0.24518627812494068 
1222000 0.2424576399625913 
1223000 0.3158111621597729 
1224000 0.2721351719024646 
1225000 0.2683819012801228 
1226000 0.31862717649909583 
1227000 0.21359394902961204 
1228000 0.30074886916384863 
1229000 0.24503109400541026 
1230000 0.2756858152384835 
1231000 0.2921299201104381 
1232000 0.26068103004898874 
1233000 0.25419200303137307 
1234000 0.24387462523503411 
1235000 0.2725295510031149 
1236000 0.27945037621098723 
1237000 0.30361498382260443 
1238000 0.33095948406060777 
1239000 0.3363305198067323 
1240000 0.26561147109961614 
1241000 0.28601547471496724 
1242000 0.21212755971864647 
1243000 0.273248835673593 
1244000 0.285653847646067 
1245000 0.2437031631786554 
1246000 0.2911098723805075 
1247000 0.3390246358678599 
1248000 0.26577073540087237 
1249000 0.32625478284510084 
1250000 0.2912774968415166 
1251000 0.2831430397089389 
1252000 0.37965436996980656 
1253000 0.3157974776984049 
1254000 0.296492598934533 
1255000 0.24579546471739958 
1256000 0.2309730238728417 
1257000 0.23427694334166346 
1258000 0.3219569319351023 
1259000 0.2778986363126488 
1260000 0.380717570721796 
1261000 0.29661299905431665 
1262000 0.26936105971041857 
1263000 0.30480406103301444 
1264000 0.3919014496408177 
1265000 0.29111839525956074 
1266000 0.27933093361328437 
1267000 0.254851399864047 
1268000 0.24715969708096966 
1269000 0.36122408025849423 
1270000 0.2488294691774855 
1271000 0.27872320217899976 
1272000 0.3135795492112847 
1273000 0.24104603901700386 
1274000 0.2803472411309242 
1275000 0.2703054849048101 
1276000 0.4146942411851066 
1277000 0.23330261523338147 
1278000 0.2694682602613611 
1279000 0.27020176586016315 
1280000 0.30143625612848113 
1281000 0.35052663084657704 
1282000 0.31539064899052116 
1283000 0.24052155102814443 
1284000 0.3771053554980916 
1285000 0.300852637421349 
1286000 0.2886747545359513 
1287000 0.3163800086435778 
1288000 0.3654117736287114 
1289000 0.25197438581743853 
1290000 0.2158203343813632 
1291000 0.3142270469876788 
1292000 0.31253477024322757 
1293000 0.23062169249704964 
1294000 0.29715036969316166 
1295000 0.33044019850825274 
1296000 0.2788283773584725 
1297000 0.25363838316061943 
1298000 0.3167011234995603 
1299000 0.3915388701455731 
1300000 0.2711509658840621 
1301000 0.27233073565150584 
1302000 0.24282810866618232 
1303000 0.3011185791345396 
1304000 0.31909545157910113 
1305000 0.3559825679079756 
1306000 0.307735525771438 
1307000 0.28551417364432496 
1308000 0.32908657764958105 
1309000 0.25361097849917735 
1310000 0.2804056312828099 
1311000 0.28848790930484763 
1312000 0.354243886381205 
1313000 0.25061224056976816 
1314000 0.19713784690986016 
1315000 0.2751547468351885 
1316000 0.30189193538787457 
1317000 0.3074679754044781 
1318000 0.26980205477629593 
1319000 0.2066545235411573 
1320000 0.24692782660093116 
1321000 0.3293462596055052 
1322000 0.24775010149409685 
1323000 0.3179165542836471 
1324000 0.3178822012696842 
1325000 0.324180999432915 
1326000 0.26413892557242274 
1327000 0.3050629331703056 
1328000 0.3135455348185196 
1329000 0.2878624055340603 
1330000 0.3279956241907207 
1331000 0.309406916528197 
1332000 0.3034265423044262 
1333000 0.29746379928438715 
1334000 0.33079116600198827 
1335000 0.27873253105041434 
1336000 0.3489725251405454 
1337000 0.2998164707688907 
1338000 0.2678958576684937 
1339000 0.25387607969981807 
1340000 0.3550713210382646 
1341000 0.2863060742850463 
1342000 0.2682717670423607 
1343000 0.2661758433074513 
1344000 0.29488754527397204 
1345000 0.3044468240111728 
1346000 0.22440081466793338 
1347000 0.2209781145446876 
1348000 0.26700661471712855 
1349000 0.25290680483644185 
1350000 0.2968898963771313 
1351000 0.29145578173325454 
1352000 0.33645415410732077 
1353000 0.21922110203378384 
1354000 0.2745896651613801 
1355000 0.22078552449220956 
1356000 0.3107730879549234 
1357000 0.26536858310088646 
1358000 0.24153352796618402 
1359000 0.42127733924620153 
1360000 0.3562703076507292 
1361000 0.30027875211186666 
1362000 0.25833194674171 
1363000 0.2700558589739373 
1364000 0.36712410712870946 
1365000 0.2946062413864046 
1366000 0.33355690576625596 
1367000 0.2911857332444658 
1368000 0.25934570597516193 
1369000 0.24916891860207993 
1370000 0.24964606219156146 
1371000 0.3125583076769802 
1372000 0.30414946111471897 
1373000 0.35638497902452476 
1374000 0.2817989904485241 
1375000 0.2765004242305476 
1376000 0.26860947437915766 
1377000 0.3017358777532153 
1378000 0.21423363467672932 
1379000 0.24626562660629903 
1380000 0.2994237439897012 
1381000 0.32496694576513424 
1382000 0.25444895156572506 
1383000 0.27260505392192885 
1384000 0.2675329339534404 
1385000 0.21887675031831064 
1386000 0.2658539541674041 
1387000 0.20299490188976654 
1388000 0.26255059076570514 
1389000 0.21771475675623153 
1390000 0.29424696297557107 
1391000 0.252798375911126 
1392000 0.2508515919668817 
1393000 0.2947504616749865 
1394000 0.2629307326458532 
1395000 0.2833640233546348 
1396000 0.2535923476679047 
1397000 0.3240712119517423 
1398000 0.2395593256283762 
1399000 0.28685694010004137 
1400000 0.19856988770590314 
1401000 0.30388960340913596 
1402000 0.24619452286900292 
1403000 0.1945476404084181 
1404000 0.2320727329740291 
1405000 0.2873283682896491 
1406000 0.3196553908921086 
1407000 0.20580106575312143 
1408000 0.3052816826190689 
1409000 0.30590270032733896 
1410000 0.27254128364827884 
1411000 0.254508005285847 
1412000 0.3191653361347723 
1413000 0.27161181111120997 
1414000 0.339685167559547 
1415000 0.3196213488127944 
1416000 0.2621628441014073 
1417000 0.3161159268785488 
1418000 0.3355100752316882 
1419000 0.38173094906743193 
1420000 0.22810417156580917 
1421000 0.260683185595014 
1422000 0.31857752362611663 
1423000 0.2991134594461377 
1424000 0.3245663335323477 
1425000 0.3505656205043926 
1426000 0.23067429183704005 
1427000 0.33846779570466845 
1428000 0.3063771736522845 
1429000 0.3051002517605403 
1430000 0.29964076083232166 
1431000 0.32289247456709164 
1432000 0.3272663984655509 
1433000 0.3254080631291974 
1434000 0.333479800126597 
1435000 0.35042525607950764 
1436000 0.3074324310102446 
1437000 0.3703006997755251 
1438000 0.318803828759796 
1439000 0.38542686803155446 
1440000 0.3046124864742445 
1441000 0.2765478522459395 
1442000 0.3189323944730778 
1443000 0.38861551119080184 
1444000 0.3001810616736092 
1445000 0.34715804052366234 
1446000 0.33211695097150695 
1447000 0.2514059125183164 
1448000 0.32379166275840787 
1449000 0.3115710584266482 
1450000 0.32294481584154755 
1451000 0.22938931053473058 
1452000 0.21931983182010797 
1453000 0.21279180187937782 
1454000 0.38144140806474275 
1455000 0.3527674784148014 
1456000 0.2982652176749526 
1457000 0.35901324629840786 
1458000 0.3528110321192444 
1459000 0.2447724788632549 
1460000 0.32686910888556997 
1461000 0.3716504581222428 
1462000 0.32457107946044433 
1463000 0.30658104223502897 
1464000 0.3103288032239576 
1465000 0.2848185463890517 
1466000 0.308540784284176 
1467000 0.27028906980281425 
1468000 0.2847823039506259 
1469000 0.4056212960431558 
1470000 0.2974155208262547 
1471000 0.33027785592051645 
1472000 0.3856116640160363 
1473000 0.293220903867542 
1474000 0.3386709909492398 
1475000 0.3432462089639301 
1476000 0.346243538491503 
1477000 0.3071507615027877 
1478000 0.3790221482786113 
1479000 0.30689979122680305 
1480000 0.2680270369154802 
1481000 0.2811113274534461 
1482000 0.34113457675749254 
1483000 0.3614996124365448 
1484000 0.29521653057047365 
1485000 0.3723988507691694 
1486000 0.3325661488226161 
1487000 0.32298365040578586 
1488000 0.27563621626051205 
1489000 0.2896919623869281 
1490000 0.34605191644063754 
1491000 0.3482884780813121 
1492000 0.34785575117557915 
1493000 0.315747585968831 
1494000 0.24509495018892138 
1495000 0.2581430427428676 
1496000 0.3050961211540815 
1497000 0.2520675234186475 
1498000 0.2425872769477453 
1499000 0.2874307025638518 
1500000 0.30585089150120104 
1501000 0.2067193609043346 
1502000 0.2866838043416105 
1503000 0.24897791895045426 
1504000 0.4084041112617223 
1505000 0.2944861939039775 
1506000 0.2987102294407096 
1507000 0.30949237980687955 
1508000 0.31776026324087797 
1509000 0.37325872607370175 
1510000 0.32219689083309305 
1511000 0.2157705995162741 
1512000 0.35444334497913416 
1513000 0.3052696115338129 
1514000 0.3504947826945217 
1515000 0.34684290381206795 
1516000 0.3294161163240122 
1517000 0.25957953984625043 
1518000 0.313385028985692 
1519000 0.2751998800714533 
1520000 0.3949389962589924 
1521000 0.35043481247525515 
1522000 0.29248651519125657 
1523000 0.3158254790561795 
1524000 0.31560942133714537 
1525000 0.3652761167706795 
1526000 0.32237961729275844 
1527000 0.3421120010184316 
1528000 0.37429447796923604 
1529000 0.3035730022688661 
1530000 0.2834895708901244 
1531000 0.3085827805198594 
1532000 0.3180772938970663 
1533000 0.33056911941322054 
1534000 0.34628814733829233 
1535000 0.33708886227412 
1536000 0.3304313376425836 
1537000 0.27053540353922667 
1538000 0.3476694300352594 
1539000 0.3045875237959377 
1540000 0.28238783305695775 
1541000 0.31107627564315127 
1542000 0.2743508035885423 
1543000 0.37934951757652274 
1544000 0.28195086398576846 
1545000 0.2635706527930566 
1546000 0.2513607679867568 
1547000 0.32786184035730664 
1548000 0.29326731651260746 
1549000 0.3622600494692929 
1550000 0.29889221450075526 
1551000 0.3482689440211783 
1552000 0.27901834883586796 
1553000 0.24307968053478465 
1554000 0.27834279721479577 
1555000 0.32444866329158445 
1556000 0.1979572002315836 
1557000 0.22576311137497265 
1558000 0.3111022073119281 
1559000 0.28399467598673805 
1560000 0.40227663779858497 
1561000 0.3231469590005391 
1562000 0.2665157129068265 
1563000 0.24062383138994667 
1564000 0.27493814969666336 
1565000 0.3039441663323419 
1566000 0.2818056012736778 
1567000 0.3071869854130969 
1568000 0.2775423117279485 
1569000 0.29488347279970334 
1570000 0.24867914143370595 
1571000 0.3420046887585942 
1572000 0.28289917723812713 
1573000 0.26554399418180563 
1574000 0.3485153266522216 
1575000 0.3118785126874833 
1576000 0.32576541257672764 
1577000 0.33022040624988175 
1578000 0.23571312009815096 
1579000 0.31672689746587207 
1580000 0.30889137221279234 
1581000 0.3052661140802231 
1582000 0.27553817791719704 
1583000 0.2718776744750841 
1584000 0.33993673989327616 
1585000 0.31022174432001026 
1586000 0.3047326145954536 
1587000 0.2762408936127262 
1588000 0.33770014151252625 
1589000 0.20241590925505837 
1590000 0.2659370200921078 
1591000 0.2933214577028311 
1592000 0.26014889440626193 
1593000 0.2517949672344461 
1594000 0.2710575588238752 
1595000 0.3047799199611984 
1596000 0.27728672726866394 
1597000 0.31076258476819296 
1598000 0.2902018160860213 
1599000 0.2677790843783395 
1600000 0.21632443066049878 
1601000 0.32605104763545883 
1602000 0.26213763697764186 
1603000 0.26281941560653765 
1604000 0.24263105228002754 
1605000 0.28573218343013446 
1606000 0.30641351335556993 
1607000 0.2753430269545751 
1608000 0.31109073125645664 
1609000 0.2811510097720598 
1610000 0.2666228853416078 
1611000 0.3379002050423437 
1612000 0.25453162915884314 
1613000 0.35240594056628033 
1614000 0.2662871065944483 
1615000 0.2267668934459656 
1616000 0.3674732506754821 
1617000 0.2746547674746849 
1618000 0.2532435146542162 
1619000 0.33842396064188796 
1620000 0.30037065690971093 
1621000 0.2791894599709365 
1622000 0.270324560883303 
1623000 0.2528935173280956 
1624000 0.3397283379411575 
1625000 0.3270103489493636 
1626000 0.25376079108988037 
1627000 0.31143556525889143 
1628000 0.3550016908885219 
1629000 0.365645653553108 
1630000 0.41421989996408176 
1631000 0.2735618917775653 
1632000 0.27867071513611563 
1633000 0.3162454939348951 
1634000 0.2759810071623991 
1635000 0.32164547252284686 
1636000 0.29495270681146873 
1637000 0.28893650273875066 
1638000 0.26320838792191165 
1639000 0.25055891249773016 
1640000 0.28155869537160577 
1641000 0.32790982199227003 
1642000 0.2868422110426942 
1643000 0.2709261316324848 
1644000 0.29608385513398644 
1645000 0.2975633060007493 
1646000 0.28833120823359576 
1647000 0.2738299942674469 
1648000 0.26646569777279033 
1649000 0.24398060475785208 
1650000 0.2414834621301808 
1651000 0.24434300431627423 
1652000 0.2916840066095483 
1653000 0.209045310613033 
1654000 0.36204643807246867 
1655000 0.2510648564574315 
1656000 0.30575501415378875 
1657000 0.2655547106957798 
1658000 0.3172083805999827 
1659000 0.24171019852622763 
1660000 0.27350241157183686 
1661000 0.2157974975341699 
1662000 0.3042309724456405 
1663000 0.2685466399593317 
1664000 0.3266713512526204 
1665000 0.3372813787864743 
1666000 0.2676787202433389 
1667000 0.3217488906196724 
1668000 0.3634771473779601 
1669000 0.3041208405607901 
1670000 0.33376768400286316 
1671000 0.33458556873140594 
1672000 0.29704459137812783 
1673000 0.21986002507669447 
1674000 0.24199383661604568 
1675000 0.22071143014321146 
1676000 0.2915472336376476 
1677000 0.3049031584071642 
1678000 0.31557864989123013 
1679000 0.24844783748773147 
1680000 0.26519959293162987 
1681000 0.31294288078721527 
1682000 0.31157458352788336 
1683000 0.21984958479915104 
1684000 0.36031197416038435 
1685000 0.2540520022576929 
1686000 0.22619384260814235 
1687000 0.2874222529241196 
1688000 0.2709636560603234 
1689000 0.3300429253093415 
1690000 0.2784021629402846 
1691000 0.3032117978048541 
1692000 0.3432174191731032 
1693000 0.30599413184304824 
1694000 0.27708288421477 
1695000 0.3067979221891168 
1696000 0.31324307923993694 
1697000 0.333037033045602 
1698000 0.2579963982822597 
1699000 0.2534813933306904 
1700000 0.27901211977983087 
1701000 0.31219318956910863 
1702000 0.2741627040954894 
1703000 0.35837694490725225 
1704000 0.3371354418174328 
1705000 0.31654711745345593 
1706000 0.20822396184840786 
1707000 0.2955011190030203 
1708000 0.2816322700008215 
1709000 0.30197570758456094 
1710000 0.23168217705847352 
1711000 0.25936717368105533 
1712000 0.3823825757409947 
1713000 0.30376185073731143 
1714000 0.2436152897681019 
1715000 0.2516485468137618 
1716000 0.3256224327787145 
1717000 0.24651476125240876 
1718000 0.2704810760309488 
1719000 0.2953222251678582 
1720000 0.29350322306295656 
1721000 0.3072678328715342 
1722000 0.23504140474767402 
1723000 0.3149994550073633 
1724000 0.29918562650912944 
1725000 0.22461113202061775 
1726000 0.26044666727686916 
1727000 0.2179523428811814 
1728000 0.2654277983173225 
1729000 0.3052045805861963 
1730000 0.3196219463449226 
1731000 0.21862214224213075 
1732000 0.22472281555482043 
1733000 0.29584943903026245 
1734000 0.2544485763605164 
1735000 0.2427944347391829 
1736000 0.2946527337646279 
1737000 0.2663341773678584 
1738000 0.32767053586375516 
1739000 0.29336267912094477 
1740000 0.2534347259931972 
1741000 0.2953476686026086 
1742000 0.2108439073429246 
1743000 0.24225467848891882 
1744000 0.30243177742862365 
1745000 0.23691093445051017 
1746000 0.3038651497664478 
1747000 0.31984545412394366 
1748000 0.3619768044307947 
1749000 0.30946170560403014 
1750000 0.3287751271366764 
1751000 0.352824732646235 
1752000 0.2620630211643511 
1753000 0.23380784398137755 
1754000 0.28161929918168216 
1755000 0.2863536815437661 
1756000 0.2798839695741992 
1757000 0.2498463714746729 
1758000 0.30598040162308754 
1759000 0.3009001986187027 
1760000 0.30815384926557826 
1761000 0.259978484309828 
1762000 0.25145626590945547 
1763000 0.3028819176112288 
1764000 0.3352663846415953 
1765000 0.2921939175985894 
1766000 0.309086001910851 
1767000 0.30543231752600214 
1768000 0.2836563157735184 
1769000 0.2741631973633912 
1770000 0.2702037241732804 
1771000 0.3212230770517395 
1772000 0.27668890095622006 
1773000 0.35732869631456904 
1774000 0.31057823428553544 
1775000 0.31348650671797007 
1776000 0.3626381265829421 
1777000 0.3364958771169326 
1778000 0.3349515550045701 
1779000 0.31621994342296805 
1780000 0.2666709944116712 
1781000 0.2855969659213429 
1782000 0.34373256765186483 
1783000 0.31518406319850995 
1784000 0.2690298753797126 
1785000 0.3306089301206258 
1786000 0.3067762100438199 
1787000 0.3274240801794115 
1788000 0.3037023150993448 
1789000 0.3270524657210187 
1790000 0.30517826763239375 
1791000 0.29070919118790883 
1792000 0.3482807459800636 
1793000 0.28781418504907924 
1794000 0.31038640409432877 
1795000 0.27829181737405867 
1796000 0.34245748373796775 
1797000 0.3413959215719575 
1798000 0.3178282930115048 
1799000 0.35361532808512824 
1800000 0.2281841359923477 
1801000 0.32006476306898346 
1802000 0.30004042798810127 
1803000 0.3547189086859732 
1804000 0.27501850016874524 
1805000 0.3147108078679874 
1806000 0.31612707908095256 
1807000 0.3096298844546715 
1808000 0.25241504885287874 
1809000 0.3675101476062708 
1810000 0.3323679110143569 
1811000 0.2855815773090695 
1812000 0.3515602948901604 
1813000 0.3570320188797082 
1814000 0.3589063324227668 
1815000 0.2976096503415983 
1816000 0.4141215952214335 
1817000 0.4347488574752412 
1818000 0.2925626768100366 
1819000 0.3352216820247154 
1820000 0.2885081412294234 
1821000 0.32644841600952945 
1822000 0.3039325803317623 
1823000 0.37149912289148973 
1824000 0.399253753421881 
1825000 0.37325142571022113 
1826000 0.29049353030029673 
1827000 0.2870777395292044 
1828000 0.28310894364043654 
1829000 0.31344362465706943 
1830000 0.34480559828759594 
1831000 0.27636854783278536 
1832000 0.36377177616300815 
1833000 0.38475513785200616 
1834000 0.3288341524895462 
1835000 0.29093163812640993 
1836000 0.3490094288155541 
1837000 0.3038963915505832 
1838000 0.3973859787548961 
1839000 0.2787348538377697 
1840000 0.3125380800290946 
1841000 0.3346977178529116 
1842000 0.26113632812792864 
1843000 0.2877363470253295 
1844000 0.36503049007025506 
1845000 0.30462756221204207 
1846000 0.3540398289439785 
1847000 0.3749909454378466 
1848000 0.3321364843017506 
1849000 0.3179197478638132 
1850000 0.3633199329392074 
1851000 0.3255085683602456 
1852000 0.32817004485501133 
1853000 0.36698546778301894 
1854000 0.35068243601819643 
1855000 0.4018218832023344 
1856000 0.34227147530478774 
1857000 0.3427022731001393 
1858000 0.36677358025113227 
1859000 0.343693739567364 
1860000 0.34792656294716373 
1861000 0.32506660880176114 
1862000 0.3253008160897613 
1863000 0.3183083900530481 
1864000 0.31085974638397906 
1865000 0.35555947455304776 
1866000 0.3100980983427936 
1867000 0.3451645709560094 
1868000 0.319544564248814 
1869000 0.3722485558819573 
1870000 0.3842292464881871 
1871000 0.34388354223408585 
1872000 0.22230003163430714 
1873000 0.37958661066986304 
1874000 0.2842342823610056 
1875000 0.30317740799640064 
1876000 0.3938261610721874 
1877000 0.5103379773305114 
1878000 0.3417449635107845 
1879000 0.3661566595078158 
1880000 0.3473283553218182 
1881000 0.30125052062121743 
1882000 0.30808151881799223 
1883000 0.21875815000467794 
1884000 0.2964993357374932 
1885000 0.2814348827179802 
1886000 0.40594959180939955 
1887000 0.2851880055077993 
1888000 0.25509894614248146 
1889000 0.2746355521907651 
1890000 0.38873493256207076 
1891000 0.27820580522068933 
1892000 0.30721983967884536 
1893000 0.27123640303414714 
1894000 0.3546059049294778 
1895000 0.3338922735522482 
1896000 0.3341837228279509 
1897000 0.35500142819249064 
1898000 0.3549964585747778 
1899000 0.4055954066382257 
1900000 0.3401923395605821 
1901000 0.3757026105275729 
1902000 0.42228754971039234 
1903000 0.3700818362413843 
1904000 0.37435468536749505 
1905000 0.3181783453595075 
1906000 0.2871434963058271 
1907000 0.29880754056027764 
1908000 0.38655128444887943 
1909000 0.34563096681990463 
1910000 0.32106299471798555 
1911000 0.2574875558727699 
1912000 0.35236345526466134 
1913000 0.32854039984752664 
1914000 0.288049873886908 
1915000 0.31249017818425145 
1916000 0.30004850309881564 
1917000 0.2318787014458015 
1918000 0.36155960972229234 
1919000 0.34068635543625564 
1920000 0.2651853211337973 
1921000 0.3060215677339549 
1922000 0.3586173734866273 
1923000 0.273914196289429 
1924000 0.33363162532145924 
1925000 0.3517632327898578 
1926000 0.3452259516345046 
1927000 0.33667857196824014 
1928000 0.3252422886230321 
1929000 0.24841455725318182 
1930000 0.26008138833498357 
1931000 0.3675203091821233 
1932000 0.39893683151256915 
1933000 0.3032498322778367 
1934000 0.37892567877271244 
1935000 0.3243691416612983 
1936000 0.3135168643887363 
1937000 0.29942150093821696 
1938000 0.4053593302379273 
1939000 0.28586310517788077 
1940000 0.3332730502943794 
1941000 0.36101456022180795 
1942000 0.3037282406335092 
1943000 0.2750439014127848 
1944000 0.2886390930629566 
1945000 0.35368027850882916 
1946000 0.3328420384056873 
1947000 0.38279054256157163 
1948000 0.365390076424369 
1949000 0.39300371069539186 
1950000 0.2541088110895671 
1951000 0.42802930276635925 
1952000 0.3118259301735008 
1953000 0.3503550260164521 
1954000 0.2531703256298469 
1955000 0.1713846818644825 
1956000 0.33667218628694323 
1957000 0.28494817931833283 
1958000 0.26491329459242247 
1959000 0.257783789926025 
1960000 0.3144457804578948 
1961000 0.31531503805734495 
1962000 0.22293137677355748 
1963000 0.34718960762673756 
1964000 0.2950035562670963 
1965000 0.3157589852150897 
1966000 0.27178091968757256 
1967000 0.31999537056745836 
1968000 0.2961274622440379 
1969000 0.309593984816453 
1970000 0.30266554970063037 
1971000 0.34579360371964496 
1972000 0.35979280339134195 
1973000 0.35329186365468696 
1974000 0.38303001674504317 
1975000 0.23728336872818567 
1976000 0.31086389127546993 
1977000 0.4116448733314411 
1978000 0.24018354572490944 
1979000 0.299474356866325 
1980000 0.3253211122479513 
1981000 0.29543475474009323 
1982000 0.405005566001942 
1983000 0.29469632695946657 
1984000 0.26227709833396723 
1985000 0.36066578659298737 
1986000 0.36122074575056784 
1987000 0.30011995545086495 
1988000 0.36355556866756783 
1989000 0.35261005823456837 
1990000 0.27968970849967306 
1991000 0.3442852785535364 
1992000 0.44610583460190734 
1993000 0.3749364082007031 
1994000 0.3536186311543053 
1995000 0.3119136399079583 
1996000 0.3296405663945085 
1997000 0.33605450986158397 
1998000 0.2938503533906198 
1999000 0.3448063113964676 
2000000 0.3492947515385649 
2001000 0.294720560154701 
2002000 0.3026070804161165 
2003000 0.35721793457144035 
2004000 0.2914585012032135 
2005000 0.3792246312874105 
2006000 0.3231787803665131 
2007000 0.3018497904401109 
2008000 0.28306576304812375 
2009000 0.29272173431955667 
2010000 0.31305452621894236 
2011000 0.332121128649051 
2012000 0.3586934650915805 
2013000 0.3803057017792962 
2014000 0.3956720662924676 
2015000 0.2887648072458981 
2016000 0.3349447233345811 
2017000 0.29015329412499913 
2018000 0.31198360670168696 
2019000 0.3152398112534033 
2020000 0.3508478294563053 
2021000 0.2721894862050337 
2022000 0.30277922569500515 
2023000 0.2960658696094373 
2024000 0.2846623396452715 
2025000 0.3585179807726635 
2026000 0.3285566670458856 
2027000 0.29159050775939205 
2028000 0.3325108635521152 
2029000 0.3142421537226217 
2030000 0.34215366673029113 
2031000 0.25398602107830653 
2032000 0.2452072863410509 
2033000 0.3210476576201224 
2034000 0.32416411569975184 
2035000 0.35220735102527456 
2036000 0.23244810254787943 
2037000 0.2791370272218834 
2038000 0.25856575948984134 
2039000 0.2864657402068563 
2040000 0.2769827997630157 
2041000 0.2783590616311154 
2042000 0.3578735841476113 
2043000 0.3192444668173325 
2044000 0.36225211390138395 
2045000 0.31061381831718543 
2046000 0.23135465070920538 
2047000 0.35697817678502997 
2048000 0.3475543796917262 
2049000 0.4423861239502062 
2050000 0.34313048237846355 
2051000 0.3287500733593984 
2052000 0.3574386252220336 
2053000 0.3767977414976005 
2054000 0.4303311621703521 
2055000 0.3098648482740449 
2056000 0.3194438074479599 
2057000 0.3067939933441648 
2058000 0.28496339547106225 
2059000 0.410756464683321 
2060000 0.32714054995370184 
2061000 0.27532015929417636 
2062000 0.30944902525314594 
2063000 0.25101695493695325 
2064000 0.3678142820692356 
2065000 0.2629919551663357 
2066000 0.3786293453758189 
2067000 0.34434964644407623 
2068000 0.32927366138518743 
2069000 0.3721048523540662 
2070000 0.2909638007663233 
2071000 0.3884833985350044 
2072000 0.2832125623060345 
2073000 0.40057617120448624 
2074000 0.4424540296560151 
2075000 0.3554635002375714 
2076000 0.28685122187628287 
2077000 0.3196610082909244 
2078000 0.30125431427283816 
2079000 0.3147225648130197 
2080000 0.280881463073253 
2081000 0.3544699487552972 
2082000 0.2582902304283063 
2083000 0.31257240539869496 
2084000 0.3526090100571002 
2085000 0.43958004304946946 
2086000 0.3153742420091871 
2087000 0.28871926995839636 
2088000 0.35959766946747246 
2089000 0.31074948835811667 
2090000 0.3898347254198111 
2091000 0.33718509042106204 
2092000 0.2801126406314358 
2093000 0.3107916691602444 
2094000 0.47993334278860017 
2095000 0.3291569189420987 
2096000 0.3308719619135673 
2097000 0.33821439081035437 
2098000 0.34706760213560267 
2099000 0.3633138157633529 
2100000 0.26940938131385733 
