# "Timestep" "MSD"
100000 0 
101000 0.2845770500800304 
102000 0.2354791168481345 
103000 0.3259301257852403 
104000 0.27662025316206834 
105000 0.28017277982756894 
106000 0.28609037702394435 
107000 0.26731303200528284 
108000 0.2707747844355878 
109000 0.39735048934171635 
110000 0.5602302022559726 
111000 0.4582866565116507 
112000 0.48963885785248334 
113000 0.418319440897231 
114000 0.4486322272167922 
115000 0.5659020724995211 
116000 0.622582790093226 
117000 0.5998357360486953 
118000 0.5994302631181103 
119000 0.5405136087365575 
120000 0.5828916534431771 
121000 0.5218653938143015 
122000 0.6297949184021068 
123000 0.6002691291895478 
124000 0.5913304459178974 
125000 0.5803506987520812 
126000 0.5413280181134149 
127000 0.5908180394669255 
128000 0.5712610699775655 
129000 0.5430274890667084 
130000 0.533875716383539 
131000 0.6235541086914639 
132000 0.7116928034163074 
133000 0.7231613465569162 
134000 0.8055495187434605 
135000 0.8858100339196155 
136000 0.7778584842245155 
137000 0.8974676919524803 
138000 0.8945335589424298 
139000 0.9575491945851854 
140000 0.9328264161005363 
141000 1.0445942771660142 
142000 1.1614064720907133 
143000 1.0922053362103816 
144000 0.984615676825075 
145000 1.098353564093275 
146000 1.0832140396504712 
147000 1.0766288972450608 
148000 1.1419824503235463 
149000 1.131279396116693 
150000 1.068601220385953 
151000 1.1224904375657936 
152000 1.0900588056493765 
153000 1.1827601153576084 
154000 1.2167342903909315 
155000 1.093585277422386 
156000 1.1002989886477128 
157000 1.0521534440831977 
158000 1.0427016018312378 
159000 1.0571509623069064 
160000 1.1075100011083534 
161000 1.1112022127022714 
162000 1.1665115698487611 
163000 1.1119051561377185 
164000 1.0768319090119576 
165000 1.2442073814955703 
166000 1.2919069735374744 
167000 1.2021172695571591 
168000 1.2995772576321831 
169000 1.2604666139367893 
170000 1.3456905649376416 
171000 1.3828801503440262 
172000 1.3149651318416127 
173000 1.3139351742082153 
174000 1.3100320032683102 
175000 1.2940989098721585 
176000 1.3595878464664795 
177000 1.3151465945845897 
178000 1.3483129708408625 
179000 1.2997307985310185 
180000 1.3360390414261618 
181000 1.1825223152980755 
182000 1.2290071992591338 
183000 1.2853305799465022 
184000 1.2818476338746634 
185000 1.2330947031660366 
186000 1.266877580016996 
187000 1.1984022227843358 
188000 1.315408862539683 
189000 1.298781125258639 
190000 1.2311178934529319 
191000 1.2050446358089961 
192000 1.1749803514360848 
193000 1.205050356932961 
194000 1.187255474767381 
195000 1.1900061468484469 
196000 1.2168867018177398 
197000 1.2470082327005074 
198000 1.2039361296138584 
199000 1.1342069163207358 
200000 1.2783025007089313 
201000 1.2342428894839441 
202000 1.5393938725917464 
203000 1.5002492849691795 
204000 1.4942950256300054 
205000 1.448093356435818 
206000 1.4227309815912192 
207000 1.568302506939809 
208000 1.5014072283247673 
209000 1.5115793516527227 
210000 1.4080326818281421 
211000 1.4757054613715703 
212000 1.4910583959149288 
213000 1.4659331467741001 
214000 1.6264665790139137 
215000 1.5137300098971551 
216000 1.5169212184777487 
217000 1.405693103288963 
218000 1.4963389700765326 
219000 1.5565533243488305 
220000 1.4701726554442536 
221000 1.3977965428603472 
222000 1.5414312300375113 
223000 1.4904628921121397 
224000 1.6114969551199418 
225000 1.593007364881726 
226000 1.4643959756702196 
227000 1.497404158570115 
228000 1.5505861189131203 
229000 1.6090552793437614 
230000 1.6471019173986994 
231000 1.611830970480537 
232000 1.6165406606209491 
233000 1.493836608938126 
234000 1.4908017542096732 
235000 1.4638985243249234 
236000 1.445389644653212 
237000 1.6580966325766382 
238000 1.610745178969966 
239000 1.5598847377959166 
240000 1.5824774900512462 
241000 1.5196400481126213 
242000 1.597236690366719 
243000 1.5943065814655097 
244000 1.701185789684881 
245000 1.7437755117413234 
246000 1.7856727542190474 
247000 1.6813973004415312 
248000 1.825541586035559 
249000 1.7938688804144551 
250000 2.006773699975896 
251000 1.8111594144913505 
252000 1.9101728303031318 
253000 1.9490373771817846 
254000 1.931418085929928 
255000 1.8589380802773494 
256000 1.8673057951552112 
257000 1.9092318019612275 
258000 1.8941755106934033 
259000 1.8730676756842073 
260000 1.7508856127631816 
261000 1.8078910319239585 
262000 1.8723511682335254 
263000 1.832089066361544 
264000 1.8246223270431239 
265000 1.7952628523790526 
266000 1.8579839440604615 
267000 1.8807864795666613 
268000 1.9519606993757004 
269000 1.7846893253709624 
270000 1.8333587389887 
271000 1.87594770646261 
272000 1.9211609361289774 
273000 1.9172532197814889 
274000 1.8406998984439595 
275000 1.8136317847712164 
276000 1.852636601820589 
277000 1.8675229710722314 
278000 1.8885909686796578 
279000 1.853058380915396 
280000 1.9457213926818033 
281000 1.7704274661036585 
282000 1.974249389154654 
283000 2.07655975824178 
284000 2.1691572704138973 
285000 2.3454080564562427 
286000 2.2473492807644244 
287000 2.0381178640976203 
288000 2.1008565530106833 
289000 2.0932101300836243 
290000 2.180427830135269 
291000 2.002739713169321 
292000 2.009240351162483 
293000 2.051797163796863 
294000 1.9711958604554904 
295000 2.1194594164119525 
296000 2.0245956839846264 
297000 1.987179125038844 
298000 2.216311487762652 
299000 2.182183881095741 
300000 2.2341330832501765 
301000 2.2193412513031654 
302000 2.0985157777975743 
303000 2.1652316380110803 
304000 2.1245248474713705 
305000 2.3062942827277935 
306000 2.123105926099505 
307000 2.116385079081658 
308000 2.1369919822028205 
309000 2.2518293946470456 
310000 2.2262822747831543 
311000 2.491813754109902 
312000 2.425340691301137 
313000 2.540607447240948 
314000 2.4186555214856833 
315000 2.5270178639408702 
316000 2.616911667436543 
317000 2.57001046945559 
318000 2.492009029333624 
319000 2.4727105866227217 
320000 2.54923938532481 
321000 2.5256807311755827 
322000 2.5648077562008025 
323000 2.4882207454841825 
324000 2.605589219619554 
325000 2.5532459467545037 
326000 2.552462183409158 
327000 2.5894615038674518 
328000 2.6433696806586053 
329000 2.558643887833422 
330000 2.455572920639371 
331000 2.5472248068524084 
332000 2.4829129108425754 
333000 2.5078189714397494 
334000 2.5423972140365994 
335000 2.622699899620177 
336000 2.6894253909703076 
337000 2.6986156556420235 
338000 2.5025975064741286 
339000 2.472948412948453 
340000 2.5327520029646466 
341000 2.473526718891783 
342000 2.3340789722048627 
343000 2.5830174270744886 
344000 2.520888448458806 
345000 2.3783779177420326 
346000 2.6177759688477993 
347000 2.7002690169649766 
348000 2.583146214030271 
349000 2.6744949806534475 
350000 2.6639259048343122 
351000 2.7900593789926913 
352000 2.790819758426719 
353000 2.6934152901884363 
354000 2.6265845074433574 
355000 2.7393574479553413 
356000 2.639755143822599 
357000 2.7793145628378326 
358000 2.827337461043425 
359000 2.796481965832346 
360000 2.615938345470343 
361000 2.6092652853192844 
362000 2.7469917489804097 
363000 2.5471966637802788 
364000 2.688835002599711 
365000 2.584291714810316 
366000 2.8724642489487144 
367000 2.849547633134356 
368000 2.806572544823198 
369000 2.731281517587943 
370000 2.776894663211191 
371000 2.736137485432665 
372000 2.8701805916647603 
373000 2.8599979659743666 
374000 2.8974168101007223 
375000 2.991354027346963 
376000 3.0277612749614327 
377000 3.0579808408813274 
378000 2.8860907639742335 
379000 3.064431483762376 
380000 3.006470485345018 
381000 3.0484179388998633 
382000 3.01601529422812 
383000 3.085752454505556 
384000 3.0920164059779385 
385000 3.0884887928910243 
386000 3.071406186328417 
387000 3.0981029431835427 
388000 3.1063223037412295 
389000 3.196144655868756 
390000 3.0987280105618424 
391000 3.0875692042338305 
392000 3.0835836683299367 
393000 3.1636915614824557 
394000 3.1224403597693007 
395000 3.142104891745144 
396000 3.1786122473978673 
397000 3.148133874739857 
398000 3.272303795229114 
399000 3.150145052039217 
400000 3.200595123906813 
401000 3.2120580450072604 
402000 3.1772511300590693 
403000 3.418393620245596 
404000 3.4130400014435938 
405000 3.456479029287298 
406000 3.3636389075541877 
407000 3.426220874341465 
408000 3.2806696458248314 
409000 3.3319516251919357 
410000 3.3692684412124634 
411000 3.358170977960129 
412000 3.336510668398732 
413000 3.3004269102010317 
414000 3.29333778960497 
415000 3.4355237334032105 
416000 3.361893416793128 
417000 3.348248301921098 
418000 3.4816804383837923 
419000 3.4200682218277194 
420000 3.424088124031496 
421000 3.472625638594486 
422000 3.4828042663309557 
423000 3.3880998511808524 
424000 3.5448158807466963 
425000 3.439126512573579 
426000 3.4199811078244777 
427000 3.4477241202007507 
428000 3.5598832398269655 
429000 3.4843084840255685 
430000 3.5935394501659275 
431000 3.647969687527052 
432000 3.5192971533637905 
433000 3.51273549968626 
434000 3.5019482202264687 
435000 3.423002788409778 
436000 3.5581824620823035 
437000 3.515494326211389 
438000 3.479870195266171 
439000 3.567824954679558 
440000 3.5655426737447415 
441000 3.457217304564177 
442000 3.4721482573047355 
443000 3.5769084866460563 
444000 3.481297621514194 
445000 3.6758768671188995 
446000 3.7843803756159837 
447000 3.684799897776831 
448000 3.80540233716049 
449000 4.002543821535076 
450000 3.785213742931063 
451000 4.006328810346512 
452000 3.938206608281584 
453000 4.272757107871957 
454000 4.207226101412099 
455000 4.2511843162003355 
456000 4.259266396755923 
457000 4.184624461296509 
458000 4.269298807534272 
459000 4.254391306510908 
460000 4.20491052793094 
461000 4.254083290668551 
462000 4.342369267098044 
463000 4.402563062319749 
464000 4.204212496399293 
465000 4.164509411463085 
466000 4.353882559472963 
467000 4.339323821724453 
468000 4.354403966230788 
469000 4.49069042026972 
470000 4.42772034109813 
471000 4.3199262739376945 
472000 4.548543658351971 
473000 4.5076693703622235 
474000 4.396816109954366 
475000 4.508662881038663 
476000 4.43158556475113 
477000 4.378129989019726 
478000 4.475014237142465 
479000 4.463327618845062 
480000 4.376557957308541 
481000 4.537223968204442 
482000 4.626298819908856 
483000 4.452711012459447 
484000 4.520464895324021 
485000 4.527502435262437 
486000 4.457447713816068 
487000 4.405682355419077 
488000 4.625624111855713 
489000 4.560732452733456 
490000 4.511863158101201 
491000 4.805072117644529 
492000 4.671928367578478 
493000 4.616153828542219 
494000 4.584815632416158 
495000 4.6261362180868515 
496000 4.558183359526764 
497000 4.470423437919833 
498000 4.707924139618458 
499000 4.557135738898985 
500000 4.694003120781871 
501000 4.653886913935155 
502000 4.722871282412839 
503000 4.553869093777979 
504000 4.723441743717238 
505000 4.779221530936929 
506000 4.7539068979129375 
507000 4.636452174294611 
508000 4.748282156408657 
509000 4.905038245767177 
510000 4.70264125566978 
511000 4.701772068756522 
512000 4.689919184587375 
513000 4.906397691500876 
514000 4.795384568739228 
515000 4.820785580288462 
516000 4.837970953412129 
517000 4.806925591898326 
518000 4.674603301063444 
519000 4.84597821157159 
520000 4.6847673872265725 
521000 4.7192624766760645 
522000 4.94580689647174 
523000 4.988276049007583 
524000 4.788558708384215 
525000 4.757677700443055 
526000 4.911680927729236 
527000 4.976102915120281 
528000 4.717215170304717 
529000 4.847381083447058 
530000 4.682264348678638 
531000 4.965850009257299 
532000 4.876349465548062 
533000 5.264092658091872 
534000 5.122999071876994 
535000 5.145797439921578 
536000 5.226883541501174 
537000 5.2276132124282935 
538000 5.330727743874072 
539000 5.232421332440107 
540000 5.293329826831135 
541000 5.235552307028514 
542000 5.281571865650835 
543000 5.255734408197793 
544000 5.4879629118860604 
545000 5.342625709044764 
546000 5.2378203930263725 
547000 5.218395042369781 
548000 5.269914688159257 
549000 5.3184170096094086 
550000 5.270539058336226 
551000 5.163471843839372 
552000 5.327998179878536 
553000 5.259448559819594 
554000 5.183705121563327 
555000 5.277467733998497 
556000 5.332394865360025 
557000 5.120519581977344 
558000 5.236108677672443 
559000 5.041105201858091 
560000 5.157636404108615 
561000 5.17644140952015 
562000 5.090345385786626 
563000 5.066926581438661 
564000 5.2241253647322194 
565000 5.144880660515912 
566000 5.335266371079383 
567000 5.253175766382449 
568000 5.277083071797876 
569000 5.154007697306793 
570000 5.245485112768109 
571000 5.173879644691307 
572000 5.192615535603414 
573000 4.88447453238153 
574000 5.110053539827561 
575000 5.054776207100829 
576000 5.19707556217444 
577000 5.13424718399724 
578000 5.044662153638326 
579000 5.056915958194827 
580000 5.220195222291862 
581000 5.325330534483051 
582000 4.978438546152955 
583000 5.268070123665234 
584000 5.261564086803281 
585000 5.305263114484504 
586000 5.27116982678147 
587000 5.442155062701155 
588000 5.435321850984303 
589000 5.224141139859073 
590000 5.374521571936209 
591000 5.445474691650128 
592000 5.3789005793068405 
593000 5.50044357333089 
594000 5.431298184781019 
595000 5.297624977677679 
596000 5.421016254044211 
597000 5.621136014280167 
598000 5.301349589734523 
599000 5.543743786401626 
600000 5.449601925376674 
601000 5.538515675062214 
602000 5.599419546669899 
603000 5.72400500764532 
604000 5.651502509122298 
605000 5.62191109879243 
606000 5.705918862474309 
607000 5.760619498706952 
608000 5.709253913103547 
609000 5.565484679786171 
610000 5.741933290111441 
611000 5.639301433448596 
612000 5.646405408430558 
613000 5.626906496391918 
614000 5.599142083134526 
615000 5.752603065266646 
616000 5.613138194858291 
617000 5.804997227041625 
618000 5.769936161807217 
619000 5.778422623907453 
620000 5.771496649343903 
621000 5.8780401824524855 
622000 5.997799768005605 
623000 5.8209401727340815 
624000 5.679300280729375 
625000 5.98307786577406 
626000 5.632155696553442 
627000 5.668219366803392 
628000 5.728042254095057 
629000 5.809902685704657 
630000 5.922013974702863 
631000 5.848075463889529 
632000 5.811288062708525 
633000 5.980557444761898 
634000 6.006452421597617 
635000 6.1430259567187635 
636000 5.877045705843925 
637000 6.048894709922329 
638000 6.244719338980429 
639000 6.076909937398344 
640000 6.097817849843918 
641000 6.002755488465037 
642000 5.938921778505389 
643000 6.0032327086550135 
644000 6.166155313440803 
645000 5.939558418767467 
646000 5.905588960812488 
647000 5.871226608674112 
648000 6.010836076924625 
649000 5.932246639654363 
650000 6.068823866460586 
651000 6.085558030725839 
652000 6.057535184070838 
653000 5.975011994414282 
654000 6.1194815281855295 
655000 6.051778653004319 
656000 6.133349969364985 
657000 6.26198585692906 
658000 6.249773997288478 
659000 5.97836170268618 
660000 5.874042612836334 
661000 6.122368237625836 
662000 6.289197931879192 
663000 6.224603442344874 
664000 6.195658916190796 
665000 6.237415259750258 
666000 6.27355452969072 
667000 6.1798330018980625 
668000 6.27834809254898 
669000 6.363256338015968 
670000 6.411113247783537 
671000 6.218215178756651 
672000 6.18456819899191 
673000 6.293735161757096 
674000 6.243084851794426 
675000 6.1376803589132525 
676000 6.107781629032094 
677000 6.18259944410419 
678000 6.175426777781744 
679000 6.031210128102551 
680000 6.007448627925233 
681000 6.214733618755166 
682000 6.013451642582764 
683000 6.266637602115944 
684000 6.13018552619147 
685000 6.141028592280169 
686000 6.036763667370917 
687000 6.02465796717617 
688000 6.079801116588729 
689000 6.127412205702199 
690000 5.885104288813878 
691000 6.085745078474745 
692000 6.118701808792458 
693000 6.215474548315509 
694000 6.285425475269671 
695000 6.138733633502015 
696000 6.075400997913611 
697000 6.222168320047057 
698000 6.150945602609083 
699000 6.028660931123319 
700000 6.143545163121447 
701000 6.015372751098024 
702000 6.033326410549862 
703000 5.974778315620893 
704000 6.010417016975855 
705000 6.0475030651282315 
706000 6.133716083440766 
707000 6.232966301532239 
708000 6.019117342189059 
709000 6.000418927081985 
710000 5.8744343144924525 
711000 5.9278283630921 
712000 6.15988283069445 
713000 6.130847310156635 
714000 6.125796951194313 
715000 6.093176909097189 
716000 6.3318726294849395 
717000 6.077910300325369 
718000 6.303947323241867 
719000 6.29063785327213 
720000 6.202591560016455 
721000 6.154615677618936 
722000 6.31851485348501 
723000 6.165380868791146 
724000 6.294853172413345 
725000 5.910174302219623 
726000 6.019661086434357 
727000 5.8382039534026635 
728000 6.028971629735175 
729000 5.9592276694277775 
730000 6.067846832219452 
731000 5.929459351702348 
732000 5.895389132840797 
733000 5.882811122863831 
734000 6.007456829305988 
735000 5.920092618099939 
736000 6.07718795369449 
737000 6.376545215156339 
738000 6.241704890908973 
739000 6.221489301730124 
740000 6.276453475980543 
741000 6.312957731652428 
742000 6.436031218058214 
743000 6.192969744427805 
744000 6.4685653822008655 
745000 6.269566051770847 
746000 6.356330954775393 
747000 6.273099408449552 
748000 6.424588884481864 
749000 6.521984939898494 
750000 6.343244304012031 
751000 6.455187457417318 
752000 6.364242249637898 
753000 6.49605490486408 
754000 6.456195867755173 
755000 6.6431128501159415 
756000 6.429856188380828 
757000 6.621086208033824 
758000 6.379251316912456 
759000 6.318504779686212 
760000 6.227838143947548 
761000 6.2456857488700965 
762000 6.2468080225366585 
763000 6.346343979829747 
764000 6.570364488819292 
765000 6.364097871625257 
766000 6.457781244770963 
767000 6.590081859327326 
768000 6.263871379779537 
769000 6.359175386178897 
770000 6.417005142640426 
771000 6.200552700510834 
772000 6.16587348071193 
773000 6.235816088896521 
774000 6.166305085142729 
775000 6.257637016422008 
776000 6.315214347941562 
777000 6.354488463167361 
778000 6.396261378274068 
779000 6.364650830270382 
780000 6.3510606201966375 
781000 6.375924037276763 
782000 6.290620672920946 
783000 6.267362097057201 
784000 6.209554341659983 
785000 6.107840557703872 
786000 6.215242053413826 
787000 6.2078725172613165 
788000 6.21963529998578 
789000 6.425858998506273 
790000 6.445600512240718 
791000 6.317027801481665 
792000 6.281230481219744 
793000 6.3628770613171985 
794000 6.351981505457009 
795000 6.440507947505397 
796000 6.283575464225393 
797000 6.185872952231647 
798000 6.485642841566058 
799000 6.24180161859896 
800000 6.286646781085758 
801000 6.134146640702091 
802000 6.48928254917015 
803000 6.3362331815745 
804000 6.222522394001759 
805000 6.530088528757434 
806000 6.546986467088966 
807000 6.598126410810102 
808000 6.584655680358669 
809000 6.543190038685341 
810000 6.431179902040853 
811000 6.491138159768975 
812000 6.3733735218931615 
813000 6.428971891771283 
814000 6.436582681938274 
815000 6.641466526219371 
816000 6.555757874364183 
817000 6.482173011459523 
818000 6.302159228797621 
819000 6.338822724995572 
820000 6.540798172331892 
821000 6.404734379141186 
822000 6.315487261872063 
823000 6.329083972828666 
824000 6.4593258543500784 
825000 6.443422344432086 
826000 6.325607574338152 
827000 6.542501021005033 
828000 6.388898436644249 
829000 6.445402763154539 
830000 6.367814760010756 
831000 6.466768808401435 
832000 6.229146748689834 
833000 6.208225982542144 
834000 6.531840132520761 
835000 6.365034489883059 
836000 6.3082592136615885 
837000 6.3013784271502145 
838000 6.3964260484189 
839000 6.297105056169142 
840000 6.473681242454186 
841000 6.402502197723014 
842000 6.564810870911381 
843000 6.4412824577771985 
844000 6.5553563291344314 
845000 6.6063334287854065 
846000 6.569505422143882 
847000 6.342431715036195 
848000 6.653135009017678 
849000 6.505779648186882 
850000 6.423068746054988 
851000 6.450775300414033 
852000 6.3782542332981595 
853000 6.364732934692123 
854000 6.629007948835135 
855000 6.46353789494645 
856000 6.44322543676125 
857000 6.597395684015182 
858000 6.3729582474308195 
859000 6.484910923646631 
860000 6.679574315148131 
861000 6.486953182007322 
862000 6.309893422120987 
863000 6.344707447571559 
864000 6.580309191309529 
865000 6.645919926646763 
866000 6.45617071879138 
867000 6.556493822122653 
868000 6.821093226560588 
869000 6.85584405351702 
870000 6.520608380109142 
871000 6.629459592441518 
872000 6.652728751095825 
873000 6.474690485435257 
874000 6.622144575485412 
875000 6.6228636461085 
876000 6.629602784316568 
877000 6.604344684618845 
878000 6.446489424636296 
879000 6.64849580580111 
880000 6.699099054382625 
881000 6.418263339657512 
882000 6.730613646528499 
883000 6.646394751849547 
884000 6.763477433251177 
885000 6.601538832570951 
886000 6.513954302256105 
887000 6.571610841157063 
888000 6.847894951786787 
889000 6.892134850349646 
890000 6.888511529453141 
891000 6.748996690228426 
892000 6.679616770310265 
893000 6.711227607731099 
894000 6.831129785968612 
895000 6.8420152675129575 
896000 6.701515799783069 
897000 6.9108970135853625 
898000 6.798712246046971 
899000 6.7198301838784 
900000 6.791357094313044 
901000 6.92832710238537 
902000 6.922682802062818 
903000 6.928870539788886 
904000 6.913887665701054 
905000 7.022429773405097 
906000 6.774058373751075 
907000 6.6370484381463095 
908000 6.930115760927115 
909000 6.815600358806025 
910000 6.706584951245034 
911000 6.994202746527993 
912000 6.658048321985899 
913000 6.642711394436281 
914000 6.986207724748054 
915000 7.034664394893257 
916000 6.817142739650336 
917000 7.071803982282183 
918000 6.8293604375540875 
919000 6.851106918198341 
920000 6.762747086451664 
921000 6.95372271357454 
922000 6.844899328443987 
923000 6.972729626394996 
924000 6.786179702514852 
925000 6.980259785783991 
926000 6.557892647430748 
927000 6.7284823251808605 
928000 7.059680967784232 
929000 6.631871910847805 
930000 6.69752155382499 
931000 6.798716863607757 
932000 6.551402993389373 
933000 6.625970038654971 
934000 6.632610844677222 
935000 6.6549370778390236 
936000 6.631028486465313 
937000 6.5046775373707035 
938000 6.642024007173002 
939000 6.5773927213245 
940000 6.690422462057799 
941000 6.460288347375177 
942000 6.577300737868837 
943000 6.452835544585742 
944000 6.417449689158086 
945000 6.476900384806902 
946000 6.472333694263788 
947000 6.218492905821896 
948000 6.580109260937735 
949000 6.384105188356653 
950000 6.459452128992943 
951000 6.288422340316549 
952000 6.493653070590435 
953000 6.478971203558826 
954000 6.449830722189034 
955000 6.531282300549874 
956000 6.407455300329236 
957000 6.375099196149652 
958000 6.680147085965694 
959000 6.409191326697054 
960000 6.383672372360564 
961000 6.561795636724241 
962000 6.446647433331897 
963000 6.505679272726743 
964000 6.594310395216707 
965000 6.362453717188061 
966000 6.599987218558713 
967000 6.424571649743331 
968000 6.411585130202744 
969000 6.4910397006474705 
970000 6.4382760083850865 
971000 6.439719376617499 
972000 6.630393834821001 
973000 6.502338812398319 
974000 6.651252493967863 
975000 6.4848539038707065 
976000 6.468779468486804 
977000 6.514571318028125 
978000 6.342332465450028 
979000 6.508987031232567 
980000 6.586213135465874 
981000 6.66972829123542 
982000 6.585497110780819 
983000 6.535459060343987 
984000 6.376929739867301 
985000 6.537332730624646 
986000 6.328186561956577 
987000 6.499180279356422 
988000 6.6021282925584535 
989000 6.3585649794920664 
990000 6.667140981193733 
991000 6.643217223081213 
992000 6.643846324602196 
993000 6.702851663537084 
994000 6.735737510000145 
995000 6.815839291873106 
996000 6.679396960005945 
997000 6.80141196385737 
998000 6.704529207933069 
999000 6.7517855793466115 
1000000 6.44828302986819 
1001000 6.729497269474558 
1002000 6.653146778463836 
1003000 6.51235288363436 
1004000 6.669712335564328 
1005000 6.667786031069895 
1006000 6.393284718666788 
1007000 6.490034304430476 
1008000 6.5858702645844795 
1009000 6.663057351925584 
1010000 6.677602312046511 
1011000 6.7232130004659885 
1012000 6.56425128475182 
1013000 6.5937356128477465 
1014000 6.586593555829015 
1015000 6.531370382814502 
1016000 6.487210142947043 
1017000 6.419812850780191 
1018000 6.714958760206239 
1019000 6.714807378560547 
1020000 6.610883265920736 
1021000 6.687999575169342 
1022000 6.973344081453264 
1023000 6.754264048872572 
1024000 6.673559941778124 
1025000 6.623563324668623 
1026000 6.720924481017456 
1027000 6.521355490930585 
1028000 6.8453336345075435 
1029000 6.668816732397268 
1030000 6.7403494954969325 
1031000 6.678132964439804 
1032000 6.583003019765734 
1033000 6.503649756755519 
1034000 6.628793212276271 
1035000 6.723712936529741 
1036000 6.563271053627681 
1037000 6.4390010457405396 
1038000 6.493953515995347 
1039000 6.7107641544229155 
1040000 6.600579124014798 
1041000 6.716608420118073 
1042000 6.658711159680833 
1043000 6.640106382019264 
1044000 6.647164472184155 
1045000 6.558540236285297 
1046000 6.772361357799443 
1047000 6.8084716245045485 
1048000 6.793766312047483 
1049000 6.450110278609762 
1050000 6.973642729212262 
1051000 6.633507479306377 
1052000 6.5595352130470745 
1053000 6.622211255927883 
1054000 6.70714827772413 
1055000 6.6583031284419745 
1056000 6.748465100946037 
1057000 6.614951905430162 
1058000 6.706065298266164 
1059000 6.67784624611451 
1060000 6.545814794924013 
1061000 6.648740308774929 
1062000 6.743813846724534 
1063000 6.69855059347033 
1064000 6.795889335922572 
1065000 6.571956086626679 
1066000 6.7076773204999816 
1067000 6.912113933212597 
1068000 6.973606851399634 
1069000 6.747467267879642 
1070000 6.644585739211736 
1071000 6.77797430235199 
1072000 6.869229311160989 
1073000 6.706366620422785 
1074000 6.734235785740758 
1075000 6.745480400439942 
1076000 6.677242339612018 
1077000 6.6595246934059755 
1078000 6.514290857915219 
1079000 6.7812288140261785 
1080000 6.660081136127708 
1081000 6.887111001284319 
1082000 6.805454538319953 
1083000 6.754676994063605 
1084000 6.88078532356342 
1085000 6.832143949634948 
1086000 6.682716161358707 
1087000 6.6563320163887605 
1088000 6.634144737716339 
1089000 6.72747929392419 
1090000 6.735344153371834 
1091000 6.84600687789791 
1092000 6.7285116817090955 
1093000 6.7076734006853735 
1094000 6.767074286353825 
1095000 6.704619592159283 
1096000 6.735271646450613 
1097000 6.730547679520638 
1098000 6.6228629021354735 
1099000 6.718627260905511 
1100000 6.760109829003725 
1101000 6.687602501877103 
1102000 6.727247205988956 
1103000 6.8322017309030665 
1104000 6.8322499195347435 
1105000 6.758253503342802 
1106000 6.9310743426256725 
1107000 6.866231578319956 
1108000 6.763975501303549 
1109000 6.795284988314157 
1110000 6.82606040364364 
1111000 6.831697170065095 
1112000 6.643750093829582 
1113000 6.762319241192417 
1114000 6.665267836093387 
1115000 6.719149355692895 
1116000 6.588290055680142 
1117000 6.796156104121771 
1118000 6.579637116793633 
1119000 6.733647884908983 
1120000 6.9244042892649 
1121000 6.592707572425182 
1122000 6.864835007030931 
1123000 6.77735853973887 
1124000 6.754013283329372 
1125000 6.660495030255903 
1126000 6.559947643996257 
1127000 6.633629594650437 
1128000 6.751480479040946 
1129000 6.7396593472360085 
1130000 6.7590584288999835 
1131000 6.806829028438488 
1132000 6.4394168178860625 
1133000 6.724121122449295 
1134000 6.605330385007203 
1135000 6.628170828746127 
1136000 6.578724202414708 
1137000 6.598257547488914 
1138000 6.855390125530752 
1139000 6.800724547103709 
1140000 6.586155267978533 
1141000 6.71405540244783 
1142000 6.693522319922914 
1143000 6.629871952465466 
1144000 6.6328341482993975 
1145000 6.733483371048951 
1146000 6.851817873454201 
1147000 6.883235802551753 
1148000 6.7298370880423715 
1149000 6.846273568691754 
1150000 6.831973918732937 
1151000 6.800862443986523 
1152000 6.980813229938453 
1153000 6.760702010993279 
1154000 6.832343065374626 
1155000 7.133373539903231 
1156000 6.746934178758204 
1157000 6.8466664841784 
1158000 6.93176371870647 
1159000 7.007210344199141 
1160000 6.947065064782036 
1161000 7.103733300862032 
1162000 7.025007491652811 
1163000 7.045266061746751 
1164000 7.01362875632319 
1165000 7.004999913689729 
1166000 7.094183587882837 
1167000 7.189685317385405 
1168000 7.046079338035531 
1169000 6.97502279423693 
1170000 6.792096325677513 
1171000 6.829295843880451 
1172000 6.8308360225096205 
1173000 6.904832003841001 
1174000 6.911320828879174 
1175000 7.070158401038482 
1176000 7.126832557223244 
1177000 7.181990370919626 
1178000 7.219232059765393 
1179000 7.2578321691765995 
1180000 7.251889142076863 
1181000 7.243696079481082 
1182000 7.1882323917418285 
1183000 7.455586304659876 
1184000 7.321416261366429 
1185000 7.470383820862525 
1186000 7.339569108060579 
1187000 7.2647648553889566 
1188000 7.438418253576583 
1189000 7.443725062474467 
1190000 7.233183896340351 
1191000 7.49225896123489 
1192000 7.4354297995737575 
1193000 7.595712733440422 
1194000 7.223611932161276 
1195000 7.4259214805152975 
1196000 7.4461948333790815 
1197000 7.329858110484705 
1198000 7.518297139799054 
1199000 7.353868330372871 
1200000 7.170125040943777 
1201000 7.577991468189633 
1202000 7.4042390817548345 
1203000 7.441251267411956 
1204000 7.45933889990342 
1205000 7.492811098827514 
1206000 7.407616536631142 
1207000 7.289879645453229 
1208000 7.434467007182467 
1209000 7.184105846839884 
1210000 7.404695266312231 
1211000 7.359065794933639 
1212000 7.346571786840721 
1213000 7.464286071946914 
1214000 7.296921210099563 
1215000 7.2205263204602925 
1216000 7.252028661031037 
1217000 7.245414096070739 
1218000 7.303641754364517 
1219000 7.069009535112241 
1220000 7.038512703949372 
1221000 7.141854409796546 
1222000 7.358020728590745 
1223000 7.27675123927386 
1224000 7.197189580651908 
1225000 7.1969184324598094 
1226000 7.200791510860744 
1227000 7.411770172362288 
1228000 7.308412814332932 
1229000 7.261065305173601 
1230000 7.2509385714826395 
1231000 7.080620540403815 
1232000 7.205706888485581 
1233000 7.44217171745624 
1234000 7.283586861307657 
1235000 7.5119028505108085 
1236000 7.475078152170484 
1237000 7.328625448736144 
1238000 7.318999597720128 
1239000 7.554648152908369 
1240000 7.085463060198907 
1241000 7.086518636983263 
1242000 7.185882520924469 
1243000 7.478366540767016 
1244000 7.310301950799336 
1245000 7.218762280782718 
1246000 7.164404121871386 
1247000 7.5594931014326034 
1248000 7.4867444599365385 
1249000 7.531855462642204 
1250000 7.482563434276305 
1251000 7.480875691412689 
1252000 7.516670769110617 
1253000 7.584996964881117 
1254000 7.633601474822028 
1255000 7.498333454802466 
1256000 7.430153459872506 
1257000 7.4593655365114175 
1258000 7.5264404327416115 
1259000 7.277295934262006 
1260000 7.363731564467046 
1261000 7.2580672950019975 
1262000 7.661269047229946 
1263000 7.543112517278201 
1264000 7.324169122210883 
1265000 7.506945402824079 
1266000 7.352034851716978 
1267000 7.310116798886426 
1268000 7.494409595053854 
1269000 7.563438076499324 
1270000 7.552709217916922 
1271000 7.423024892303821 
1272000 7.504679412622084 
1273000 7.536280980453099 
1274000 7.4216138969612215 
1275000 7.382987447273879 
1276000 7.404724169535375 
1277000 7.41010738159405 
1278000 7.5121530724447805 
1279000 7.407232869771075 
1280000 7.776392573908067 
1281000 7.856643149554257 
1282000 8.308385821583398 
1283000 7.93583841817628 
1284000 8.130360615449325 
1285000 8.189326567280036 
1286000 8.087893172732855 
1287000 8.006202103147201 
1288000 8.245945784588214 
1289000 8.108273759081857 
1290000 8.088353053791424 
1291000 7.828135708712637 
1292000 7.923301805510834 
1293000 7.7107396610894545 
1294000 7.912707024996918 
1295000 7.817517014687977 
1296000 8.152361476184826 
1297000 8.037648072092377 
1298000 7.826395700511321 
1299000 7.760154194006849 
1300000 8.053102301426538 
1301000 7.931770910321633 
1302000 7.918475824027742 
1303000 7.6568424777519635 
1304000 7.892484533012403 
1305000 7.661838750239635 
1306000 7.823416749180798 
1307000 7.922442784018197 
1308000 7.919108971772525 
1309000 7.895775990534423 
1310000 7.81073027147334 
1311000 7.8255229553657655 
1312000 7.665935963621173 
1313000 7.6212262729779185 
1314000 7.6188968536830535 
1315000 7.6174315576759355 
1316000 7.5390071370266805 
1317000 7.724704228715757 
1318000 7.842816416015458 
1319000 7.854515799530547 
1320000 7.758332661531065 
1321000 7.77955711086706 
1322000 7.82167407963618 
1323000 7.749821066584006 
1324000 7.718158637666974 
1325000 7.737810116995938 
1326000 7.842446108801115 
1327000 7.904933223213111 
1328000 7.871066150422853 
1329000 7.850285588179603 
1330000 7.571659068225915 
1331000 7.875798486471046 
1332000 7.907252534961394 
1333000 8.116263185535692 
1334000 7.970905774362856 
1335000 8.095680279116296 
1336000 7.799364517290752 
1337000 7.959944137108679 
1338000 7.780948959114908 
1339000 8.060946083922254 
1340000 7.8399814858504495 
1341000 8.029615499413815 
1342000 7.966150141888295 
1343000 8.138456496741632 
1344000 7.963442388072633 
1345000 7.84566556012781 
1346000 7.691546581728619 
1347000 7.670234276162598 
1348000 7.774754536962478 
1349000 7.556088940332209 
1350000 7.820340381323673 
1351000 7.541220066690392 
1352000 7.715772045419669 
1353000 7.8840150620211285 
1354000 7.3684513925353965 
1355000 7.830652866022411 
1356000 7.848804755049185 
1357000 7.953654877072563 
1358000 7.635832223282752 
1359000 7.803954428074006 
1360000 7.701714155086876 
1361000 7.85258918284557 
1362000 7.92655941962554 
1363000 7.855562861508182 
1364000 8.060348888261395 
1365000 8.202508781167936 
1366000 8.195303468497904 
1367000 8.140101165297828 
1368000 8.186903161582398 
1369000 7.934929936112311 
1370000 7.958301370133179 
1371000 8.094585719327252 
1372000 8.100491304514856 
1373000 8.23502998104495 
1374000 8.066335568881444 
1375000 8.11171528053078 
1376000 8.0662396919157 
1377000 8.307864402653525 
1378000 8.010374371244923 
1379000 8.064721843212705 
1380000 8.13183099965201 
1381000 8.205784520345176 
1382000 8.33557165718544 
1383000 8.229024827017993 
1384000 8.285250503725193 
1385000 8.310786036055198 
1386000 8.345480560878103 
1387000 8.21934244360911 
1388000 8.56367711668426 
1389000 8.31307975316316 
1390000 8.30582983747036 
1391000 8.366168771345212 
1392000 8.574392039336574 
1393000 8.425732938634564 
1394000 8.368014153011517 
1395000 8.434445155502836 
1396000 8.59102747995556 
1397000 8.51291244963163 
1398000 8.605387194138197 
1399000 8.369168380385785 
1400000 8.494542934855067 
1401000 8.231957352635781 
1402000 8.471518639925531 
1403000 8.41017858172799 
1404000 8.459190166184529 
1405000 8.68252910983282 
1406000 8.452037503202154 
1407000 8.456982627422686 
1408000 8.552678784183865 
1409000 8.571913717600413 
1410000 8.258048651887002 
1411000 8.327879188326362 
1412000 8.512421593134944 
1413000 8.426576568843258 
1414000 8.296807823331656 
1415000 8.654884019588202 
1416000 8.199916541218467 
1417000 8.427799679730414 
1418000 8.459472043083485 
1419000 8.60818621765179 
1420000 8.548482348357062 
1421000 8.713932615819031 
1422000 8.529760015894325 
1423000 8.718304453416529 
1424000 8.601778219563762 
1425000 8.675425302455613 
1426000 8.513075416879456 
1427000 8.789627860626096 
1428000 8.564698459586916 
1429000 8.52206567356001 
1430000 8.844507421780852 
1431000 8.793977589510385 
1432000 8.952344309278853 
1433000 8.683103104127406 
1434000 8.669687793867979 
1435000 8.791637495737163 
1436000 8.789085006583964 
1437000 8.79161987977104 
1438000 8.731376041075551 
1439000 8.799998073668256 
1440000 8.96176033359567 
1441000 8.953947245683947 
1442000 8.894630667406734 
1443000 9.080517769689893 
1444000 9.127798570573123 
1445000 9.266361852680713 
1446000 8.993676064749687 
1447000 9.085011544306402 
1448000 9.273473274296975 
1449000 9.081186447056263 
1450000 9.10295254626188 
1451000 9.011700197150725 
1452000 9.091237113887626 
1453000 8.973564424001022 
1454000 9.070325662762945 
1455000 9.010558476206047 
1456000 8.908012806483926 
1457000 8.901069862220899 
1458000 8.969521898089567 
1459000 8.815092494620004 
1460000 8.94033434723213 
1461000 8.9987271638611 
1462000 8.867567231634887 
1463000 8.879729202238588 
1464000 9.033326751581262 
1465000 8.903126026421225 
1466000 8.827565217612765 
1467000 8.799932373118923 
1468000 8.956337087207647 
1469000 9.024716406816394 
1470000 8.943048260569912 
1471000 9.174676955519153 
1472000 8.915269519639454 
1473000 8.784362913775743 
1474000 8.869338219319545 
1475000 8.8971737137081 
1476000 8.88323156643343 
1477000 8.79443239429839 
1478000 9.143375645892412 
1479000 9.04266090921127 
1480000 8.742290825315099 
1481000 8.809257506764482 
1482000 8.887985943290015 
1483000 8.800496914923976 
1484000 9.012880466204823 
1485000 9.02714701102556 
1486000 8.953731135066928 
1487000 8.700646583721335 
1488000 8.800972594310215 
1489000 8.923331848667564 
1490000 8.879261899385599 
1491000 8.938737833818207 
1492000 8.928223624624287 
1493000 8.78192421804998 
1494000 8.789509544659118 
1495000 8.891496938493594 
1496000 8.716328861589218 
1497000 8.894926012481202 
1498000 9.130732790965025 
1499000 9.131479337460515 
1500000 9.237176613174851 
1501000 9.106548608633116 
1502000 9.340747194163843 
1503000 9.220327148128412 
1504000 9.179879473681593 
1505000 9.116458096986713 
1506000 9.242531832755184 
1507000 9.310552013851119 
1508000 9.271192148783987 
1509000 9.40803445012841 
1510000 9.285283291107051 
1511000 9.485902496692486 
1512000 9.21980982904738 
1513000 9.421639449795382 
1514000 9.210198751091841 
1515000 9.332746082573705 
1516000 9.578685170875662 
1517000 9.536885324100313 
1518000 9.419084284511602 
1519000 9.584773095677978 
1520000 9.393029683241535 
1521000 9.63293147430601 
1522000 9.379772320475693 
1523000 9.26091709029644 
1524000 9.664942048255746 
1525000 9.522525985642586 
1526000 9.597143211977555 
1527000 9.2553929110778 
1528000 9.36659669005496 
1529000 9.576355833158503 
1530000 9.375057714545981 
1531000 9.68253725941629 
1532000 9.566018501083814 
1533000 9.407351906358874 
1534000 9.48262606883456 
1535000 9.621463735998127 
1536000 9.437380399359082 
1537000 9.516436999295536 
1538000 9.644757521432272 
1539000 9.70216871712236 
1540000 9.629848136098547 
1541000 9.578760332095799 
1542000 9.492002189039953 
1543000 9.403643489593504 
1544000 9.655808361261853 
1545000 9.55172619910028 
1546000 9.48674227872081 
1547000 9.63595312708228 
1548000 9.586766458836887 
1549000 9.383502144535319 
1550000 9.563597975257306 
1551000 9.332453305243028 
1552000 9.597456597807941 
1553000 9.683631161698154 
1554000 9.512071583027213 
1555000 9.651013486067681 
1556000 9.597975370269316 
1557000 9.38936688946625 
1558000 9.47171031541216 
1559000 9.617836366452039 
1560000 9.516105640902474 
1561000 9.585709446123149 
1562000 9.6081522518102 
1563000 9.497951745837524 
1564000 9.475003111131679 
1565000 9.563976581020093 
1566000 9.704521032969186 
1567000 9.618508182572423 
1568000 9.459952278827235 
1569000 9.87120423702208 
1570000 9.862176358726993 
1571000 9.831707580278222 
1572000 9.726726759743084 
1573000 9.699392121789028 
1574000 9.68846645982003 
1575000 9.703208094198038 
1576000 9.522392973733417 
1577000 9.500924740337357 
1578000 9.574606852069676 
1579000 9.382567848756578 
1580000 9.423621204870654 
1581000 9.51107332062144 
1582000 9.685582266272 
1583000 9.609904206423137 
1584000 9.212493539977674 
1585000 9.33586016179181 
1586000 9.498043431100788 
1587000 9.615329742712277 
1588000 9.73072590722067 
1589000 9.639462162511924 
1590000 9.675335072804913 
1591000 9.528803716285216 
1592000 9.266843176747729 
1593000 9.406278648570666 
1594000 9.584847954762376 
1595000 9.451072572437615 
1596000 9.45738427531656 
1597000 9.529473007407194 
1598000 9.39949713454609 
1599000 9.656913118542924 
1600000 9.322148320850388 
1601000 9.412706032113968 
1602000 9.548574858908305 
1603000 9.309862996963082 
1604000 9.253300025783695 
1605000 9.428271105236377 
1606000 9.507944676764469 
1607000 9.38327014999678 
1608000 9.544101293690993 
1609000 9.498349270150744 
1610000 9.565190990992718 
1611000 9.88292839562578 
1612000 9.665380411934377 
1613000 9.545200492692066 
1614000 9.346186278501943 
1615000 9.35141316768615 
1616000 9.36997136305144 
1617000 9.20416472271179 
1618000 9.330972888076449 
1619000 9.357186786488528 
1620000 9.2952405760302 
1621000 9.260812554671153 
1622000 9.139673008900415 
1623000 9.037641141118758 
1624000 9.151691943651654 
1625000 9.176101936670795 
1626000 9.363554591436051 
1627000 9.374622500366087 
1628000 9.316160487531457 
1629000 9.490514458523748 
1630000 9.37992408534698 
1631000 9.563211415021021 
1632000 9.278469631047674 
1633000 9.233745727402367 
1634000 9.619724472809969 
1635000 9.247552727473066 
1636000 9.45732884632621 
1637000 9.44917870122391 
1638000 9.102377647780218 
1639000 9.537249207611412 
1640000 9.285134789607554 
1641000 9.532365524923666 
1642000 9.242924074146643 
1643000 9.307118638086074 
1644000 9.465455621458773 
1645000 9.425096638229524 
1646000 9.51394699714635 
1647000 9.465433594812383 
1648000 9.529428188404882 
1649000 9.894727597782449 
1650000 9.674039450892577 
1651000 9.422892618965005 
1652000 9.375616229720281 
1653000 9.430292412489422 
1654000 9.696063020952746 
1655000 9.610355370661132 
1656000 9.493577788822812 
1657000 9.708341661378855 
1658000 9.608812791845379 
1659000 9.631746386227542 
1660000 9.58324576554337 
1661000 9.477498066134308 
1662000 9.445793177252725 
1663000 9.436167566841227 
1664000 9.700639958420268 
1665000 9.704203505498391 
1666000 9.603941057807463 
1667000 9.473713086529733 
1668000 9.384525766047465 
1669000 9.451946954494893 
1670000 9.421962393410583 
1671000 9.522008169318843 
1672000 9.517329718678745 
1673000 9.307094016079317 
1674000 9.223023558993086 
1675000 9.579486103351586 
1676000 9.380475668129785 
1677000 9.415170491467931 
1678000 9.54400424168243 
1679000 9.503197212998735 
1680000 9.483394264402987 
1681000 9.466909535099363 
1682000 9.695572631789608 
1683000 9.6148472625985 
1684000 9.478857434435966 
1685000 9.739679193075693 
1686000 9.847529733716733 
1687000 9.57628126668136 
1688000 9.570275838210808 
1689000 9.738704815343558 
1690000 9.776481919525452 
1691000 9.672517163393538 
1692000 9.671341223991286 
1693000 9.742487190656533 
1694000 9.693186169831225 
1695000 9.809140563462039 
1696000 9.696706031323304 
1697000 9.564186070244515 
1698000 9.831337044419408 
1699000 9.552601992400907 
1700000 9.401940429847624 
1701000 10.010642772614979 
1702000 9.779991675286086 
1703000 9.61494855916996 
1704000 9.729835626046663 
1705000 9.712044576000133 
1706000 9.42294899560637 
1707000 9.746091359976571 
1708000 9.449219602560124 
1709000 9.639090603425913 
1710000 9.547473969017863 
1711000 9.45952831730603 
1712000 9.698065172222796 
1713000 9.422991407436417 
1714000 9.662092792062605 
1715000 9.519542753554882 
1716000 9.494016290387814 
1717000 9.567657727863613 
1718000 9.762797775510116 
1719000 9.763315397281465 
1720000 9.873809007740391 
1721000 9.802785871866353 
1722000 9.672436388592638 
1723000 9.668249688879651 
1724000 9.789830260331344 
1725000 9.429468167370342 
1726000 9.695416090255744 
1727000 10.066112849387313 
1728000 9.84596296960709 
1729000 9.862668803081492 
1730000 9.842544294388201 
1731000 9.890532687644658 
1732000 10.308474822058269 
1733000 10.014545729467669 
1734000 10.285188144212686 
1735000 10.389071713577634 
1736000 10.215918192501343 
1737000 10.249824635796685 
1738000 10.091480710272885 
1739000 10.48203741216312 
1740000 10.2099502744919 
1741000 10.076691210438897 
1742000 10.223353349665379 
1743000 9.922622365312678 
1744000 10.27762659514566 
1745000 10.685802221541397 
1746000 10.481378160869706 
1747000 10.464607341124738 
1748000 10.554865546142553 
1749000 10.41475695062322 
1750000 10.475344551282891 
1751000 10.544181808991052 
1752000 10.25663481276306 
1753000 10.201903562938478 
1754000 9.787434430937003 
1755000 9.733585779137439 
1756000 10.050625616585277 
1757000 9.570022439551243 
1758000 9.714172544250394 
1759000 9.840230870358564 
1760000 9.836882179341579 
1761000 9.776338351204275 
1762000 9.744407429736984 
1763000 9.722445223669583 
1764000 9.761904038144625 
1765000 9.955494150288335 
1766000 9.786383828598163 
1767000 10.095752948640653 
1768000 9.69472700556532 
1769000 9.547576674919437 
1770000 9.6464386737601 
1771000 9.58527506191872 
1772000 9.680949830659245 
1773000 9.802335625671684 
1774000 9.470926493139872 
1775000 9.451084776302212 
1776000 9.431151003518726 
1777000 9.754593389033179 
1778000 9.65000643269091 
1779000 9.511592067916922 
1780000 9.728886987742062 
1781000 9.690454439311956 
1782000 9.710479106395699 
1783000 9.857297031205938 
1784000 9.95300634719878 
1785000 9.45178179868215 
1786000 9.635680510718345 
1787000 9.446840412406056 
1788000 9.685867324171308 
1789000 9.71934673359764 
1790000 9.77470952217671 
1791000 9.696198722039302 
1792000 9.692483654129429 
1793000 9.656844905465414 
1794000 9.835927021194408 
1795000 9.707334058490684 
1796000 9.665335630955202 
1797000 9.686766980907983 
1798000 9.733316485664943 
1799000 9.808522668177607 
1800000 9.663885291588876 
1801000 9.92279944526022 
1802000 9.6230899091046 
1803000 9.548194582149254 
1804000 9.58562482663116 
1805000 9.882052764062994 
1806000 9.735603787151273 
1807000 9.644886523412879 
1808000 9.71745745226035 
1809000 10.038205054355219 
1810000 9.729401252584323 
1811000 9.843746167171641 
1812000 10.031343423976898 
1813000 10.242681651863927 
1814000 10.161025365586136 
1815000 10.042766263526726 
1816000 10.128653456577208 
1817000 10.326526316165186 
1818000 9.966856092665193 
1819000 10.285698763802825 
1820000 10.171014771991475 
1821000 9.944651416042639 
1822000 10.12202821491552 
1823000 10.36631286449245 
1824000 10.329275738921282 
1825000 10.338646106099194 
1826000 10.068129394820769 
1827000 10.335155047867156 
1828000 9.97637604590252 
1829000 10.10968522304462 
1830000 10.385734461340535 
1831000 10.218265732961799 
1832000 10.450383929653784 
1833000 10.13409232182964 
1834000 10.186692597070266 
1835000 10.311698195313099 
1836000 10.41207202155389 
1837000 10.369334709017311 
1838000 10.270411944594562 
1839000 10.281146003022007 
1840000 10.534991243695277 
1841000 10.147537637387266 
1842000 10.225179580011341 
1843000 10.56723550018297 
1844000 10.402816349995442 
1845000 10.58486970730347 
1846000 10.328358586512188 
1847000 10.42905618250039 
1848000 10.434335921413457 
1849000 10.402402777339345 
1850000 10.364969861337014 
1851000 10.263306971878228 
1852000 10.32463049741148 
1853000 10.460026411243772 
1854000 10.264486772691551 
1855000 10.365911981022714 
1856000 10.352258230684123 
1857000 10.315581371254197 
1858000 10.51733738445527 
1859000 10.569649445797229 
1860000 10.415818473270566 
1861000 10.416112937857392 
1862000 10.498686089254042 
1863000 10.515479943765692 
1864000 10.64702187281258 
1865000 10.415682187948676 
1866000 10.280068695753473 
1867000 10.485746927573489 
1868000 10.463549552956708 
1869000 10.487610713677006 
1870000 10.711793645828052 
1871000 10.456764436219288 
1872000 10.255243801737915 
1873000 10.688786262814046 
1874000 10.429666850022334 
1875000 10.292798953694655 
1876000 10.71348046885325 
1877000 10.560645143048934 
1878000 10.48128237587317 
1879000 10.552534060184382 
1880000 10.303648716139996 
1881000 10.370484699627989 
1882000 10.397564496890823 
1883000 10.3714171776293 
1884000 10.150476434112674 
1885000 10.498503724025898 
1886000 10.546008377614385 
1887000 10.253764246524913 
1888000 10.433162116852204 
1889000 10.252864007431558 
1890000 10.468010175642672 
1891000 10.521238763554875 
1892000 10.531315147729003 
1893000 10.500714086050312 
1894000 10.315805698232834 
1895000 10.565446620842485 
1896000 10.526484514062915 
1897000 10.670859689391992 
1898000 10.383214533525285 
1899000 10.666527479111204 
1900000 10.284324347270783 
1901000 10.485786153391167 
1902000 10.549227171976668 
1903000 10.38376057522703 
1904000 10.536933933203635 
1905000 10.397454418695697 
1906000 10.57369750306237 
1907000 10.529610349836819 
1908000 10.274445365948964 
1909000 10.538918857747117 
1910000 10.379120284371634 
1911000 10.142770388703733 
1912000 10.586076173712716 
1913000 10.191372083773151 
1914000 10.195821613644913 
1915000 10.378206305713771 
1916000 10.3080672814992 
1917000 10.252833836578592 
1918000 10.122583747712405 
1919000 10.441154939384333 
1920000 10.468489936255592 
1921000 10.430202571623301 
1922000 10.310961375075376 
1923000 10.226689763386098 
1924000 10.524037716959409 
1925000 10.588681089955273 
1926000 10.699836166431059 
1927000 10.683548986389217 
1928000 10.578350979746372 
1929000 10.559216126703914 
1930000 10.628036141405298 
1931000 10.763195220023249 
1932000 10.73518411172557 
1933000 10.89655092788539 
1934000 10.755834682171036 
1935000 10.62202987380476 
1936000 10.463141466979476 
1937000 10.664723552090718 
1938000 10.57086679487417 
1939000 10.33315953750298 
1940000 10.39730818049275 
1941000 10.336133348781354 
1942000 10.40275796827063 
1943000 10.153457515656244 
1944000 10.568733320674792 
1945000 10.720788057233545 
1946000 10.334777338638926 
1947000 10.515487924467136 
1948000 10.508502852926211 
1949000 10.543547850695568 
1950000 10.37968277123848 
1951000 10.039253770741693 
1952000 10.125997533221392 
1953000 9.990274247942127 
1954000 10.324091181637638 
1955000 10.000616447829783 
1956000 10.109447832378292 
1957000 10.276870482127105 
1958000 9.9805932071494 
1959000 10.22333503864198 
1960000 10.489633110691807 
1961000 10.045000260181972 
1962000 10.119084745582764 
1963000 10.04866969891071 
1964000 10.181784125549479 
1965000 10.047972321531564 
1966000 10.251548783680827 
1967000 10.225066638017603 
1968000 10.148253393928178 
1969000 10.096098256434034 
1970000 10.422384006355859 
1971000 10.25887359739922 
1972000 10.672510196365977 
1973000 10.450599440470995 
1974000 10.469596474882048 
1975000 10.172173640943306 
1976000 10.26518184215348 
1977000 10.370353287069099 
1978000 10.22856890701351 
1979000 10.512806859086838 
1980000 10.201496153554558 
1981000 10.335887406298273 
1982000 10.291028875135517 
1983000 10.275772771423169 
1984000 10.554716839046478 
1985000 10.263549679141876 
1986000 10.544271093358654 
1987000 10.22915958490208 
1988000 10.329329806242177 
1989000 10.09872184843821 
1990000 10.264263464401497 
1991000 10.20337366219328 
1992000 10.507531806018449 
1993000 10.323563241876242 
1994000 10.167724032387403 
1995000 10.248938076902832 
1996000 10.444338081610486 
1997000 10.213628751366187 
1998000 10.329660791063505 
1999000 10.231118560645937 
2000000 10.304539597786004 
2001000 10.427996606671782 
2002000 10.32298323790688 
2003000 10.384050584116927 
2004000 10.06878887842416 
2005000 10.239617114924064 
2006000 10.333341592996643 
2007000 10.362005403345997 
2008000 10.59565860002563 
2009000 10.502344340406136 
2010000 10.343376275553506 
2011000 10.46835588179533 
2012000 10.646844907540267 
2013000 10.688383208199218 
2014000 10.307566071830463 
2015000 10.423719999168068 
2016000 10.373130670827377 
2017000 10.278721999823404 
2018000 10.755153146559362 
2019000 10.29183303986837 
2020000 10.20550864541882 
2021000 10.26631349575095 
2022000 10.487408723753342 
2023000 10.177520687160806 
2024000 10.458915522267105 
2025000 10.59959773514809 
2026000 10.615182779834717 
2027000 10.398160154904003 
2028000 10.18314360254927 
2029000 10.41875584456139 
2030000 10.599958333560734 
2031000 10.172235830700176 
2032000 10.236523434471486 
2033000 10.465043378685104 
2034000 10.416818908524835 
2035000 10.304274802000393 
2036000 10.248887007137558 
2037000 10.20233582922811 
2038000 10.488709352496615 
2039000 10.348844696326404 
2040000 10.293983626575551 
2041000 10.259222892398547 
2042000 10.165907101197876 
2043000 10.435992155139465 
2044000 10.240593394555438 
2045000 10.466435811209209 
2046000 10.65314069754342 
2047000 10.418882288947728 
2048000 10.49968663310534 
2049000 10.382642093879904 
2050000 10.34809080886182 
2051000 10.470741042695952 
2052000 10.377013003530145 
2053000 10.2067807944782 
2054000 10.372306819284121 
2055000 10.642172287370686 
2056000 10.211035474466874 
2057000 10.338842461459452 
2058000 10.418633315364044 
2059000 10.48664242154015 
2060000 10.338439265025155 
2061000 10.695186162078958 
2062000 10.666301086000555 
2063000 10.953361320739095 
2064000 10.78729221468993 
2065000 10.779679225550003 
2066000 10.564738168953582 
2067000 10.770645336370462 
2068000 10.750951657543121 
2069000 10.959163988133819 
2070000 10.99839320720299 
2071000 10.920134325266028 
2072000 10.94678515171017 
2073000 10.593806790737109 
2074000 10.855532065156751 
2075000 10.785103285624372 
2076000 10.868179012845456 
2077000 10.862118185369132 
2078000 10.85079110254132 
2079000 10.994401761938372 
2080000 11.042203164321528 
2081000 10.672073099885168 
2082000 10.685764105362065 
2083000 10.92646361917029 
2084000 11.002478518506859 
2085000 10.958522889955868 
2086000 10.818788337590506 
2087000 10.712413177273048 
2088000 11.087872967188252 
2089000 10.85112794961128 
2090000 11.216755369236132 
2091000 10.986089630588651 
2092000 11.13707996269146 
2093000 10.74698903740621 
2094000 10.86176273853524 
2095000 10.838464767590038 
2096000 11.070590815452034 
2097000 10.675898441497807 
2098000 10.87241499970602 
2099000 10.623028382590082 
2100000 10.500142137230688 
