# "Timestep" "MSD"
100000 0 
101000 0.11185436759027804 
102000 0.14197168961708792 
103000 0.15266527398869587 
104000 0.1319824960770593 
105000 0.1308306425493452 
106000 0.08870919547916688 
107000 0.1381507163431803 
108000 0.14527175359749575 
109000 0.14080384738010338 
110000 0.1357966729660358 
111000 0.10628075299662744 
112000 0.129964159738543 
113000 0.12153537828467705 
114000 0.10562232035181289 
115000 0.12099077005308914 
116000 0.11776129250371885 
117000 0.1567804212186265 
118000 0.1442394132488055 
119000 0.11658954883844268 
120000 0.10317877174534598 
121000 0.10718775319573012 
122000 0.12363439953047478 
123000 0.13460726288083028 
124000 0.1513672562800493 
125000 0.11124344066748286 
126000 0.14335646782393363 
127000 0.19385493830558825 
128000 0.2392947615090757 
129000 0.2221365579049469 
130000 0.1920192123061353 
131000 0.19160462470147754 
132000 0.2062606983767959 
133000 0.197787490238057 
134000 0.17309991334166325 
135000 0.19829743303425781 
136000 0.22626493552036 
137000 0.21237018357206566 
138000 0.17168839867097388 
139000 0.1762976126057123 
140000 0.18627817318884551 
141000 0.18001733621165536 
142000 0.20134983305082016 
143000 0.20993098684419137 
144000 0.18973697423357974 
145000 0.18927368263244276 
146000 0.19099828351706025 
147000 0.21914177168009816 
148000 0.24016862557290147 
149000 0.2261213546098319 
150000 0.17184300600056945 
151000 0.191965949378096 
152000 0.1998918916573059 
153000 0.1847729371468695 
154000 0.19352170227413426 
155000 0.2005883148909192 
156000 0.21657493286209678 
157000 0.2184478988352825 
158000 0.2050624100225114 
159000 0.16818983759247522 
160000 0.19569493211184844 
161000 0.20786790389927512 
162000 0.20067546260579938 
163000 0.20683232651242528 
164000 0.2068253060383629 
165000 0.22060185777774097 
166000 0.20970895038422332 
167000 0.19650841678743458 
168000 0.21189115929236252 
169000 0.22905044851343917 
170000 0.22811053063334547 
171000 0.20459228128453658 
172000 0.19499626886831334 
173000 0.19047858064294856 
174000 0.18180681941715088 
175000 0.25051171345479206 
176000 0.18335374210614197 
177000 0.16193237067548688 
178000 0.19839182265596633 
179000 0.1949544022291935 
180000 0.18261576582552422 
181000 0.1962678763704041 
182000 0.17925374856394807 
183000 0.19007560866886725 
184000 0.18316403109877338 
185000 0.23178264981756663 
186000 0.21198501372105488 
187000 0.21028086554053893 
188000 0.18038113039233644 
189000 0.20012573576331547 
190000 0.20042557364342808 
191000 0.23786356724978064 
192000 0.17685370047047697 
193000 0.1710176561873911 
194000 0.20782775066559564 
195000 0.1863683708154924 
196000 0.22865989602405554 
197000 0.22694054860733198 
198000 0.22624834347259606 
199000 0.195635921932028 
200000 0.18802285540014116 
201000 0.19540846407739315 
202000 0.16780425426280396 
203000 0.20903192511377505 
204000 0.16239386489212618 
205000 0.1788591105923781 
206000 0.19870788421696067 
207000 0.17672948123656418 
208000 0.1807259810523955 
209000 0.1835503402629506 
210000 0.21262213351788412 
211000 0.18239804806587304 
212000 0.21052278214654252 
213000 0.2140397055147996 
214000 0.19097174651514284 
215000 0.22213970072048406 
216000 0.197353399080181 
217000 0.15761437924379867 
218000 0.17918357625510417 
219000 0.20455947635020372 
220000 0.22723506582469086 
221000 0.1604875564996101 
222000 0.17331697340596408 
223000 0.17945835775824345 
224000 0.16536585322251227 
225000 0.23466334883262796 
226000 0.1790845481353566 
227000 0.20129666048953643 
228000 0.22177164378883732 
229000 0.18549974441679712 
230000 0.19190992211931363 
231000 0.19627456813638888 
232000 0.17811817375905215 
233000 0.1942497794992126 
234000 0.20805963276457043 
235000 0.20526998144454248 
236000 0.17374842511805008 
237000 0.23140579776994757 
238000 0.23349273128078332 
239000 0.16353169491623923 
240000 0.18301158054271577 
241000 0.2100781168949976 
242000 0.23106715123836474 
243000 0.1691746187028463 
244000 0.23782126979816218 
245000 0.21868746321925336 
246000 0.18049845585613214 
247000 0.18253305030624484 
248000 0.1987978881151049 
249000 0.18899011160827056 
250000 0.21477116484757316 
251000 0.19696424172960134 
252000 0.1724662995589779 
253000 0.19839046965288618 
254000 0.2225774366683131 
255000 0.1847211878373348 
256000 0.17195403656478606 
257000 0.15924993524052286 
258000 0.1932185932356353 
259000 0.20098286899309614 
260000 0.16872502480446924 
261000 0.20762672274774 
262000 0.18950665521300686 
263000 0.18655479355444027 
264000 0.22614724988866577 
265000 0.1933675221789114 
266000 0.19123349715007792 
267000 0.1912786967473123 
268000 0.19062439661619526 
269000 0.17374881222140726 
270000 0.20263785010455476 
271000 0.19116776200256363 
272000 0.21863680980588546 
273000 0.1785175270732752 
274000 0.1874295631914855 
275000 0.20393151123480197 
276000 0.17801411311421275 
277000 0.21552610500704453 
278000 0.1839795268842732 
279000 0.19256156170842162 
280000 0.20065877201707857 
281000 0.2067992513747911 
282000 0.18663528413807154 
283000 0.18340333646292642 
284000 0.18254059441658735 
285000 0.20347219528314398 
286000 0.2008857454895964 
287000 0.18281720955970931 
288000 0.21551291216191068 
289000 0.1515055407168937 
290000 0.18448381066499717 
291000 0.21259055829577506 
292000 0.18440478417065145 
293000 0.17910974829920556 
294000 0.18511422286413878 
295000 0.20877214918893935 
296000 0.18260711459819964 
297000 0.20922326019428183 
298000 0.22043245217060514 
299000 0.2119160708888497 
300000 0.20254892645550915 
301000 0.20370102811767302 
302000 0.1795262155235004 
303000 0.20246857488383302 
304000 0.1836253931378779 
305000 0.2273510284186935 
306000 0.1810679032835099 
307000 0.19226160182805607 
308000 0.21941563002211575 
309000 0.1671528754334162 
310000 0.2007870041222302 
311000 0.19844731682672734 
312000 0.22364730282601422 
313000 0.19049896555426335 
314000 0.16257543543399666 
315000 0.17268090789290808 
316000 0.19061688414280265 
317000 0.2282119685494515 
318000 0.20626578610678897 
319000 0.19011062059905282 
320000 0.21610784533664587 
321000 0.18393330434020777 
322000 0.16187245528883684 
323000 0.17128880661695323 
324000 0.1904752467150746 
325000 0.23077991209706253 
326000 0.22203747059531873 
327000 0.21789108086706824 
328000 0.19753536194294344 
329000 0.22278893987254764 
330000 0.2116267919926233 
331000 0.18179977676484152 
332000 0.1937716679400873 
333000 0.19232066728906985 
334000 0.23131990725199122 
335000 0.21630341097605488 
336000 0.2049699545294213 
337000 0.24238500387003492 
338000 0.17939364178442999 
339000 0.1459418638250826 
340000 0.18370044647126774 
341000 0.18783864919407744 
342000 0.18535025775372807 
343000 0.1801489384385395 
344000 0.16830650996199828 
345000 0.18143177579304426 
346000 0.21885443270880992 
347000 0.22873897095312656 
348000 0.19559737878934652 
349000 0.20870740940642882 
350000 0.22339909776817896 
351000 0.18028904585136654 
352000 0.1661786295478482 
353000 0.1819189630767295 
354000 0.17010715258932133 
355000 0.2076562807068669 
356000 0.18067505565118283 
357000 0.19409173576420224 
358000 0.17074745633083602 
359000 0.18159954307026616 
360000 0.20087538339774297 
361000 0.19976100900295374 
362000 0.1569949847845014 
363000 0.17470010916282347 
364000 0.22284408662404148 
365000 0.24001479627972927 
366000 0.23513273159008422 
367000 0.1999167971894958 
368000 0.21163729149310123 
369000 0.20781877671122911 
370000 0.18170258278451085 
371000 0.19318954008996356 
372000 0.17939918864352744 
373000 0.2000815563717754 
374000 0.2150657402448045 
375000 0.20523805476757984 
376000 0.20775756409059104 
377000 0.22640015441723393 
378000 0.1995323415966833 
379000 0.18318938250020508 
380000 0.21307201733843512 
381000 0.199982399624375 
382000 0.15604660695666903 
383000 0.19125689769770352 
384000 0.20458701869269344 
385000 0.20299856842383146 
386000 0.21101539738455238 
387000 0.19287017341911047 
388000 0.22603770922254413 
389000 0.22052412248912776 
390000 0.20459509437717402 
391000 0.18126179769588843 
392000 0.20656199601305325 
393000 0.18230209245931284 
394000 0.19894100771239656 
395000 0.17653214654644125 
396000 0.20978904494001996 
397000 0.20918296896905708 
398000 0.1696581046420369 
399000 0.18494703691166534 
400000 0.23238973943589628 
401000 0.22354475102257235 
402000 0.17374761362902552 
403000 0.19617169767147696 
404000 0.1539166963032463 
405000 0.166312522073859 
406000 0.16699183051135513 
407000 0.20350118314592253 
408000 0.18015013530838386 
409000 0.2207332519529744 
410000 0.19494918086631852 
411000 0.18890479519413086 
412000 0.21296379634448612 
413000 0.18271575282821959 
414000 0.1885144892801986 
415000 0.2040223581278652 
416000 0.23292652902991529 
417000 0.19362983849538912 
418000 0.21040881183224372 
419000 0.20939805713681073 
420000 0.15989977532952906 
421000 0.20001212735589297 
422000 0.18767531761208106 
423000 0.20490040928247305 
424000 0.20607442549183128 
425000 0.19685089562346184 
426000 0.19873690898185972 
427000 0.25779796038654007 
428000 0.21336493875116114 
429000 0.1906554576467956 
430000 0.20162740926009123 
431000 0.20818817262032127 
432000 0.1883327919301616 
433000 0.179519225001125 
434000 0.1868949491200516 
435000 0.1996692215115535 
436000 0.18527746989312943 
437000 0.18119538035421057 
438000 0.2228492191459159 
439000 0.1675267235749465 
440000 0.2076369238836651 
441000 0.1939069563613535 
442000 0.17542098389418823 
443000 0.20813208202903682 
444000 0.16653747271799807 
445000 0.23364202858223515 
446000 0.19215469810635533 
447000 0.2080159827897546 
448000 0.2245445541242207 
449000 0.19664783268219965 
450000 0.20919877210351429 
451000 0.21932821242803774 
452000 0.1910112076970812 
453000 0.1657929731516758 
454000 0.23305327137665413 
455000 0.21156573184601143 
456000 0.17778768438686063 
457000 0.1787993627254359 
458000 0.20552953795714146 
459000 0.2114055042023161 
460000 0.24107242235280774 
461000 0.19665171956681074 
462000 0.23554405366943607 
463000 0.20695441772283588 
464000 0.1862205714150803 
465000 0.21702082320062857 
466000 0.20616975095878073 
467000 0.18314865137942227 
468000 0.1966367718767054 
469000 0.2070667268852604 
470000 0.22125059166502078 
471000 0.22074477448201563 
472000 0.18767963656822884 
473000 0.21506175694063914 
474000 0.1898130522128864 
475000 0.2063041875079835 
476000 0.20690146554038583 
477000 0.20296365795943092 
478000 0.16630608135054367 
479000 0.1749446246860069 
480000 0.20262597755380096 
481000 0.18141997541527174 
482000 0.2001554533745038 
483000 0.20128845211149765 
484000 0.16997901538190777 
485000 0.1950783041796077 
486000 0.17551877816670658 
487000 0.1611450061026582 
488000 0.19675858046275316 
489000 0.2262615700256513 
490000 0.194036680090775 
491000 0.19738687928558912 
492000 0.19286805139060503 
493000 0.18753505599406264 
494000 0.2144018995403559 
495000 0.17936012404431417 
496000 0.1962781629614195 
497000 0.22237131534010343 
498000 0.2001837161714421 
499000 0.2025531492838521 
500000 0.19786966013887858 
501000 0.20790307231114802 
502000 0.2006994893438534 
503000 0.20657194105825696 
504000 0.18977737673999992 
505000 0.18976155532489503 
506000 0.18162136025170475 
507000 0.19045268455307862 
508000 0.19714651279614775 
509000 0.21440429851829684 
510000 0.20205954109397797 
511000 0.18835546761376304 
512000 0.17845899826796577 
513000 0.2165851575551209 
514000 0.2047440567915651 
515000 0.2184648587913678 
516000 0.18546972831306402 
517000 0.19199975580906367 
518000 0.19396092298300596 
519000 0.1752925569545446 
520000 0.21267012709275226 
521000 0.1915760769419695 
522000 0.20159202567809364 
523000 0.1632559738538941 
524000 0.191118042917832 
525000 0.22621863747272358 
526000 0.2043780396729788 
527000 0.18553929284448833 
528000 0.19647514829413806 
529000 0.19578185908706572 
530000 0.1972421119702934 
531000 0.22753888660205882 
532000 0.19020290943038223 
533000 0.23025905295863547 
534000 0.2051344291142423 
535000 0.2167117420207377 
536000 0.22260807960121554 
537000 0.19885907767806363 
538000 0.24508163527351365 
539000 0.19852687330884522 
540000 0.19840635862942388 
541000 0.21583838487656729 
542000 0.19489092176186368 
543000 0.19254082468817207 
544000 0.18231729303880131 
545000 0.1810454156865153 
546000 0.22186424027859042 
547000 0.1823084007932738 
548000 0.24562955472554734 
549000 0.19415913799261486 
550000 0.18716366754074265 
551000 0.19862892856614925 
552000 0.17817341127309014 
553000 0.20301472771283938 
554000 0.19534858053289392 
555000 0.18709109572974938 
556000 0.19128447031212653 
557000 0.18788358472975525 
558000 0.18751108280134987 
559000 0.22703019392909718 
560000 0.21559409290061884 
561000 0.1866240706272843 
562000 0.2008453167059238 
563000 0.20347388715342463 
564000 0.19067178589223074 
565000 0.19196935116540198 
566000 0.21282933157910508 
567000 0.17364762729378094 
568000 0.18826640562965433 
569000 0.21754389660288131 
570000 0.1843010070471052 
571000 0.18549379780646086 
572000 0.21010901077638175 
573000 0.217750480866043 
574000 0.2122774964133805 
575000 0.21079161114759187 
576000 0.19991483747418085 
577000 0.18205832204085493 
578000 0.1848001848011651 
579000 0.1931252676606369 
580000 0.20697279903535618 
581000 0.20714338592415954 
582000 0.21304568654178113 
583000 0.17994737123096746 
584000 0.21981382072711414 
585000 0.22041563316246227 
586000 0.19373133194185416 
587000 0.1787776630267852 
588000 0.23721656771540003 
589000 0.1989098954448268 
590000 0.2250015376202117 
591000 0.19117909152704632 
592000 0.18535433185731928 
593000 0.2020725586387174 
594000 0.18998661274083378 
595000 0.18253889966707396 
596000 0.1718200536045543 
597000 0.16677992129872438 
598000 0.1792391206547908 
599000 0.19480177218255376 
600000 0.19412340964887514 
601000 0.21172038615728972 
602000 0.19328584479209546 
603000 0.1941362242236652 
604000 0.23933502822999472 
605000 0.1484898691867551 
606000 0.21379395046417357 
607000 0.19994690633464968 
608000 0.20633658069127378 
609000 0.1867130771115614 
610000 0.2350430907073133 
611000 0.19990509770161777 
612000 0.20736444710107454 
613000 0.20283365661988034 
614000 0.22280614223285283 
615000 0.18608321132625638 
616000 0.2102996931769097 
617000 0.17910343704826595 
618000 0.16598359544923055 
619000 0.17530148954064698 
620000 0.1961250609107515 
621000 0.19927045866573612 
622000 0.20268532338430537 
623000 0.1951088472554972 
624000 0.18880842116114982 
625000 0.15914922438655238 
626000 0.19562387643921791 
627000 0.22951652064873349 
628000 0.1905654092791295 
629000 0.2248782240540308 
630000 0.2075814854484227 
631000 0.18011788009922536 
632000 0.17558381033358708 
633000 0.21429239772408087 
634000 0.22818486515017414 
635000 0.16931976323683148 
636000 0.19510571426114673 
637000 0.1717930487650962 
638000 0.16964258910314473 
639000 0.17630829172933213 
640000 0.21112566586341117 
641000 0.1982466477269396 
642000 0.1776803428487715 
643000 0.19799520822509617 
644000 0.1796209689361361 
645000 0.23805097825546212 
646000 0.2657102259589682 
647000 0.21606676537162023 
648000 0.22126371713829343 
649000 0.20903178605945846 
650000 0.18976004989003095 
651000 0.20375066994758229 
652000 0.21809633131215295 
653000 0.16815210310449588 
654000 0.1930038534081681 
655000 0.218881400816736 
656000 0.19952449726034577 
657000 0.19541627606353051 
658000 0.2055708113821423 
659000 0.1888283744583016 
660000 0.18135941938922068 
661000 0.21641024207000045 
662000 0.21575713102474467 
663000 0.19434341784844916 
664000 0.17294515129877916 
665000 0.19822223046464546 
666000 0.2041641489087558 
667000 0.22426741301895595 
668000 0.18624186767982032 
669000 0.17911633767585267 
670000 0.1632325915331361 
671000 0.20586473105915915 
672000 0.16983093702854501 
673000 0.19897621771321614 
674000 0.21419397741568857 
675000 0.2040017781650641 
676000 0.23586928263273657 
677000 0.19947613791590313 
678000 0.196789528770488 
679000 0.2007899086227553 
680000 0.18428300127762928 
681000 0.1893031372398092 
682000 0.25092498486158055 
683000 0.20806090302647184 
684000 0.20938389760742618 
685000 0.18781946762913745 
686000 0.2019942311833981 
687000 0.19194516896468733 
688000 0.17042416523521203 
689000 0.1923942270747912 
690000 0.21266022346910374 
691000 0.18449703976027843 
692000 0.2420772609368963 
693000 0.2028917876808635 
694000 0.2007384798543831 
695000 0.20758380368792048 
696000 0.21816785651140494 
697000 0.20530833388994651 
698000 0.1974365066725688 
699000 0.18776020743565341 
700000 0.1714260546347201 
701000 0.20985757416589415 
702000 0.19774813095020982 
703000 0.18866347412903925 
704000 0.22941357411769203 
705000 0.20539414818027657 
706000 0.22566619224362996 
707000 0.17946958004451175 
708000 0.18585886838844648 
709000 0.15061848517513818 
710000 0.2281231352101656 
711000 0.17732702981436474 
712000 0.17774910673769595 
713000 0.1852731648490763 
714000 0.18905125965488026 
715000 0.236561292954024 
716000 0.17635428047946192 
717000 0.1767404033358017 
718000 0.17801742232245696 
719000 0.19472883923505524 
720000 0.1791734764922047 
721000 0.1956206739401148 
722000 0.17581921015610616 
723000 0.1780642148984315 
724000 0.19247064323283394 
725000 0.21773761158325952 
726000 0.2421421859885347 
727000 0.2000928313666871 
728000 0.19577819863733037 
729000 0.18480651568805181 
730000 0.21155637561342816 
731000 0.19260833630572935 
732000 0.17399649431204908 
733000 0.190314730271332 
734000 0.24280580853997974 
735000 0.20139840012734192 
736000 0.18939692551221474 
737000 0.2178337711531843 
738000 0.20596487023177426 
739000 0.1793743627051735 
740000 0.2127432028956727 
741000 0.20479693102677962 
742000 0.20152869630529485 
743000 0.1854440111887767 
744000 0.188659563044013 
745000 0.19796153320612878 
746000 0.20217239632188372 
747000 0.2012902482972819 
748000 0.21197417220396744 
749000 0.2074354572232629 
750000 0.17534231458818544 
751000 0.17879570734830166 
752000 0.19850581786459787 
753000 0.21785967177812784 
754000 0.21255165290480418 
755000 0.1751332842699065 
756000 0.1894283111395009 
757000 0.23240711635367212 
758000 0.2050812169056872 
759000 0.22691623218426957 
760000 0.18944307594781123 
761000 0.21002785460160267 
762000 0.21017581422372253 
763000 0.1877563905392816 
764000 0.1930954561184908 
765000 0.1829600200785748 
766000 0.2055579753913242 
767000 0.20679760983941411 
768000 0.182960339050107 
769000 0.2202576666231915 
770000 0.2162799498957984 
771000 0.15204978819556095 
772000 0.2081690515227362 
773000 0.18601637415777672 
774000 0.1828222733941303 
775000 0.1951851912268595 
776000 0.21080407501958326 
777000 0.161103287076488 
778000 0.16347740063296967 
779000 0.192238894795928 
780000 0.1643305754338945 
781000 0.21266598206957882 
782000 0.18742035147392816 
783000 0.20079616601324082 
784000 0.19774082318896236 
785000 0.21158013694929415 
786000 0.21246424272180156 
787000 0.18492327920246623 
788000 0.18513805742525777 
789000 0.16108638329312566 
790000 0.18861723134142813 
791000 0.17723250169475582 
792000 0.20857628412605983 
793000 0.1840738861339303 
794000 0.1935344501500287 
795000 0.15178941218462041 
796000 0.22993132596792917 
797000 0.15252281257601666 
798000 0.1766535314729468 
799000 0.17656889033281284 
800000 0.17486395345789058 
801000 0.17691495678673372 
802000 0.19459848552482398 
803000 0.19616657523006203 
804000 0.21733894232935463 
805000 0.20809866516237796 
806000 0.1623723642675867 
807000 0.2155425570088395 
808000 0.13922077819563447 
809000 0.2178229430647278 
810000 0.22233349553579082 
811000 0.23251686335793045 
812000 0.23694964513067676 
813000 0.19754604086543145 
814000 0.19325850382072546 
815000 0.2226663837688259 
816000 0.1876318225468591 
817000 0.15335552226208862 
818000 0.22387953527519536 
819000 0.22250402065768143 
820000 0.1713241365913855 
821000 0.17895294566550998 
822000 0.19437589854551893 
823000 0.17898283703052942 
824000 0.1890170751036498 
825000 0.20204567410574573 
826000 0.19400283544799976 
827000 0.15452965721714843 
828000 0.16908924923138605 
829000 0.16799788342399966 
830000 0.18647205039296616 
831000 0.18258859030034952 
832000 0.21652219189486877 
833000 0.18132100868076065 
834000 0.2150004857038124 
835000 0.16461706488262676 
836000 0.1544553905964952 
837000 0.1557241422337124 
838000 0.1777110471072858 
839000 0.1849458163853079 
840000 0.2540499242879602 
841000 0.21704458741086463 
842000 0.18778372730765366 
843000 0.25065486433375206 
844000 0.18318500269493596 
845000 0.23251409006728802 
846000 0.20568832283260874 
847000 0.24992886947961124 
848000 0.19619645514299566 
849000 0.2411221398779131 
850000 0.22100412670540573 
851000 0.1745548158855014 
852000 0.188530998650997 
853000 0.14442130083011465 
854000 0.21505111470361138 
855000 0.20936275863219714 
856000 0.17782888195434304 
857000 0.20659631713230425 
858000 0.18053733456968016 
859000 0.16617963690030438 
860000 0.181839033426381 
861000 0.20329610684490823 
862000 0.24012346524984204 
863000 0.19033898803429458 
864000 0.23117519404372017 
865000 0.20839610721486174 
866000 0.23422960245998345 
867000 0.18222154252597272 
868000 0.2401210171354495 
869000 0.21818707319719108 
870000 0.21260433302241508 
871000 0.23719633719615507 
872000 0.21959270807875247 
873000 0.1820188526857346 
874000 0.17895090568882002 
875000 0.1736717646464482 
876000 0.21213355244276613 
877000 0.17458290794921597 
878000 0.16404708551953753 
879000 0.21661649829710564 
880000 0.19712567323076538 
881000 0.21991298576001045 
882000 0.21727886981624797 
883000 0.227692003619117 
884000 0.21173169327357294 
885000 0.2558359925012451 
886000 0.2379248951812046 
887000 0.2373377685038551 
888000 0.22673280973328105 
889000 0.21025420515111456 
890000 0.1899974356719071 
891000 0.2039434598074296 
892000 0.21517155792955264 
893000 0.19302709076210547 
894000 0.17980388923037155 
895000 0.2083451532893888 
896000 0.2047465726511333 
897000 0.1851883608428458 
898000 0.20164687709287207 
899000 0.19896756065744495 
900000 0.19110826075936316 
901000 0.22207923870122614 
902000 0.1873242050195709 
903000 0.17335450652661616 
904000 0.18415710472808924 
905000 0.1907259870231466 
906000 0.18219374521372894 
907000 0.2099321324823855 
908000 0.15865706080492184 
909000 0.18913229510887528 
910000 0.18677455834821957 
911000 0.18438025780698192 
912000 0.19364304991948733 
913000 0.17272245452574328 
914000 0.2026056521254952 
915000 0.17283971635593257 
916000 0.1896555002304547 
917000 0.21541163271338562 
918000 0.1841205202196361 
919000 0.19630370674479125 
920000 0.19858580660491493 
921000 0.18282330254885243 
922000 0.2020881648453964 
923000 0.22972045513719946 
924000 0.20612143413543457 
925000 0.1633922727039925 
926000 0.19186718427322952 
927000 0.19351102616749635 
928000 0.17619095177465116 
929000 0.16841244339083672 
930000 0.1651886849151701 
931000 0.19759525705415346 
932000 0.1821563594248548 
933000 0.20296098001468002 
934000 0.24040781653545323 
935000 0.2240871282314619 
936000 0.2113370136820459 
937000 0.18402342352096726 
938000 0.19388149059465432 
939000 0.21946124506587694 
940000 0.18026033786927198 
941000 0.1847882504938235 
942000 0.19679587271774582 
943000 0.2162141942587378 
944000 0.17765552524097653 
945000 0.1771173286074525 
946000 0.1538976812808662 
947000 0.18867789835818244 
948000 0.1847659140101644 
949000 0.1728314914934784 
950000 0.19279854652773817 
951000 0.19763620179506491 
952000 0.18954562246598877 
953000 0.18133367369106607 
954000 0.1623720758250695 
955000 0.19586069175914536 
956000 0.17849561510102183 
957000 0.18773996973343687 
958000 0.23091532219771843 
959000 0.18887555581355736 
960000 0.21030414929799968 
961000 0.1824454785891425 
962000 0.20532548253214605 
963000 0.21386550585818606 
964000 0.193469522524269 
965000 0.171621728537676 
966000 0.16504330441762688 
967000 0.20509321952026469 
968000 0.23982121721084845 
969000 0.18175028691010042 
970000 0.21139314472112844 
971000 0.20335054274666856 
972000 0.1777650022959567 
973000 0.18553533984017787 
974000 0.16188680952601145 
975000 0.16502966643921088 
976000 0.20198092790471675 
977000 0.1833122718849283 
978000 0.21306198557406425 
979000 0.1902927351129006 
980000 0.18951877571872328 
981000 0.19630806866776068 
982000 0.21466603964199274 
983000 0.1859244035563933 
984000 0.17610772208287476 
985000 0.20935105392208114 
986000 0.19014704676468758 
987000 0.1491604520373572 
988000 0.19262249404289816 
989000 0.21194401695448745 
990000 0.1997144945715522 
991000 0.23313840515034506 
992000 0.1792188225385723 
993000 0.18836456705435967 
994000 0.18054759300513717 
995000 0.22334377098491473 
996000 0.2106265323746259 
997000 0.1881143400456456 
998000 0.2039363896530776 
999000 0.18223707475019502 
1000000 0.19901346664008857 
1001000 0.19611473043979297 
1002000 0.21118593264561114 
1003000 0.17651660283219164 
1004000 0.18402410050737011 
1005000 0.18395971943176237 
1006000 0.1973079485109887 
1007000 0.19580365208792466 
1008000 0.17158710470291866 
1009000 0.17915514031310467 
1010000 0.20029005195718325 
1011000 0.18508839221908266 
1012000 0.199150909120616 
1013000 0.2008739835261497 
1014000 0.20855326475008185 
1015000 0.23840665878257034 
1016000 0.1764648233471775 
1017000 0.2215549202032905 
1018000 0.19595830501758643 
1019000 0.19462693011075727 
1020000 0.17605245775859346 
1021000 0.20987607662990093 
1022000 0.19772069488166097 
1023000 0.13982291256796364 
1024000 0.16723728031162502 
1025000 0.19932473792362165 
1026000 0.17287630910518476 
1027000 0.18831578995862921 
1028000 0.2389716401345465 
1029000 0.2290047991314557 
1030000 0.20607867062218085 
1031000 0.1984943761029185 
1032000 0.19491422224653926 
1033000 0.1512041109635138 
1034000 0.20521698443900724 
1035000 0.2036577264892682 
1036000 0.22709011997472922 
1037000 0.20254230798877434 
1038000 0.1963091303301145 
1039000 0.15686362691985922 
1040000 0.22888117182618842 
1041000 0.19221316030531993 
1042000 0.21017825866413067 
1043000 0.20041064007410603 
1044000 0.2409198261995833 
1045000 0.20849945166030923 
1046000 0.2164397270820532 
1047000 0.2157657590814749 
1048000 0.17609334701029358 
1049000 0.26061053159523084 
1050000 0.18934236713412875 
1051000 0.23241323563842187 
1052000 0.19140694564454147 
1053000 0.25077389438058156 
1054000 0.18253641372644053 
1055000 0.19913914393029847 
1056000 0.20337644212144612 
1057000 0.2141374601889749 
1058000 0.20258381652596064 
1059000 0.21164108306818447 
1060000 0.24536358271341982 
1061000 0.2033765974782678 
1062000 0.21450338456318846 
1063000 0.20317080359008072 
1064000 0.2022748981152046 
1065000 0.22424522052494672 
1066000 0.18857486519270236 
1067000 0.16902024326368909 
1068000 0.2323191916671711 
1069000 0.22935041162932907 
1070000 0.1882616878820127 
1071000 0.19159020557940834 
1072000 0.1847883130748973 
1073000 0.20747099178443948 
1074000 0.1868348321607866 
1075000 0.18002691426808684 
1076000 0.14705928445792363 
1077000 0.19635862688636688 
1078000 0.24420079659391908 
1079000 0.20697434791700195 
1080000 0.23373173510651676 
1081000 0.1714865465242569 
1082000 0.19450121987049324 
1083000 0.2093726926654122 
1084000 0.16674277961005482 
1085000 0.21217913639170177 
1086000 0.17471032798931746 
1087000 0.191124444773244 
1088000 0.18114193200282236 
1089000 0.18152981903308082 
1090000 0.21017081817603533 
1091000 0.21977245988490468 
1092000 0.2096590405594799 
1093000 0.19003924930034524 
1094000 0.2310737619366537 
1095000 0.17687502342329126 
1096000 0.20237425202903941 
1097000 0.21396790233013127 
1098000 0.17916960703617374 
1099000 0.19431396444424454 
1100000 0.18623727714450666 
1101000 0.16086548356867258 
1102000 0.1825618598231093 
1103000 0.18032025609921729 
1104000 0.17878969184525612 
1105000 0.26154893813462937 
1106000 0.2415031275939438 
1107000 0.19558735782460582 
1108000 0.190864763633717 
1109000 0.18337604083857292 
1110000 0.20584313812641808 
1111000 0.21833782390427856 
1112000 0.21138394978449904 
1113000 0.19813471113740935 
1114000 0.1777860414974519 
1115000 0.20520774335362743 
1116000 0.18063774306589678 
1117000 0.1913913280422845 
1118000 0.20849087381930934 
1119000 0.2014231473920302 
1120000 0.24053050148502536 
1121000 0.2055026800256548 
1122000 0.20813781120643776 
1123000 0.20831531459977645 
1124000 0.19828652235956007 
1125000 0.22844520623898304 
1126000 0.2039682025844413 
1127000 0.19605674760614447 
1128000 0.15835272942712483 
1129000 0.21520856807179578 
1130000 0.1761164008763032 
1131000 0.17239238278255134 
1132000 0.18450099395486805 
1133000 0.15899315474537312 
1134000 0.1920606869400178 
1135000 0.17325571786607816 
1136000 0.19273138184446076 
1137000 0.21930710821028854 
1138000 0.17117972358370398 
1139000 0.1667216839499055 
1140000 0.20938729838745884 
1141000 0.20132282602514517 
1142000 0.18278031651309293 
1143000 0.15303184675263434 
1144000 0.19644576940002584 
1145000 0.20064316977661087 
1146000 0.1919469223949446 
1147000 0.23822397627607514 
1148000 0.1812872662108743 
1149000 0.1704615920108371 
1150000 0.19520822982059727 
1151000 0.17617699173835805 
1152000 0.19531647809362143 
1153000 0.24605836943943624 
1154000 0.20488826698744836 
1155000 0.20538380316662413 
1156000 0.2138608016167305 
1157000 0.19955591173049778 
1158000 0.19512387990650257 
1159000 0.1962789309848982 
1160000 0.2018624230649351 
1161000 0.18128101172967678 
1162000 0.20337506189796545 
1163000 0.21479980238442486 
1164000 0.1718653152108006 
1165000 0.1965054733602625 
1166000 0.19300697690341126 
1167000 0.1894705262557989 
1168000 0.2100062712908899 
1169000 0.1944559534558847 
1170000 0.20518787971231275 
1171000 0.18528521213129404 
1172000 0.18223057792943784 
1173000 0.24661633463946586 
1174000 0.17506138051724912 
1175000 0.1896592499316712 
1176000 0.17884534450905779 
1177000 0.19526424885784252 
1178000 0.2128789633980123 
1179000 0.20118613372086452 
1180000 0.1567022112100802 
1181000 0.2278047881018244 
1182000 0.2240211888616077 
1183000 0.2170405316883911 
1184000 0.24566556700978395 
1185000 0.20782868659812656 
1186000 0.18135773590426224 
1187000 0.2068086343075524 
1188000 0.21091892586924763 
1189000 0.19860758035309847 
1190000 0.1714878647320483 
1191000 0.2157032476196747 
1192000 0.1761048964165252 
1193000 0.17780501654725606 
1194000 0.23134995391748497 
1195000 0.20572617572559074 
1196000 0.17853366571411142 
1197000 0.17783072957296628 
1198000 0.20169362476544647 
1199000 0.23388944300154024 
1200000 0.18880436416108085 
1201000 0.21072873311430157 
1202000 0.2431308780576687 
1203000 0.18808070419124592 
1204000 0.17256578131188607 
1205000 0.1964672023780452 
1206000 0.17635180567364758 
1207000 0.19923900882466553 
1208000 0.19661231400343276 
1209000 0.1889980237593217 
1210000 0.1899749490838793 
1211000 0.1620607264610215 
1212000 0.19872269899332026 
1213000 0.2159623345575853 
1214000 0.196164587760317 
1215000 0.2020270823085933 
1216000 0.19674542703730075 
1217000 0.1668363593700119 
1218000 0.17718611733382822 
1219000 0.1858164835152327 
1220000 0.21381177451976463 
1221000 0.1959914917508657 
1222000 0.18072834757845935 
1223000 0.19749636909352142 
1224000 0.1878736605187318 
1225000 0.2030183188038226 
1226000 0.1823372687935666 
1227000 0.20479232268508835 
1228000 0.2320684998115187 
1229000 0.21177768593335436 
1230000 0.16636196559561808 
1231000 0.22143475985989475 
1232000 0.21345751748225686 
1233000 0.18636867429421608 
1234000 0.16509517426133344 
1235000 0.20451740131391768 
1236000 0.17977524486291843 
1237000 0.21666408824288588 
1238000 0.16871618479613498 
1239000 0.18716187854438493 
1240000 0.19423940629849878 
1241000 0.21652655417440428 
1242000 0.16001589776085703 
1243000 0.22010405548429965 
1244000 0.22220601574024443 
1245000 0.1960686987776968 
1246000 0.19879803773855928 
1247000 0.21056398476274502 
1248000 0.22807201834347796 
1249000 0.2089589554505833 
1250000 0.20590390040770493 
1251000 0.19721408232907203 
1252000 0.1935029908695927 
1253000 0.21284466309783448 
1254000 0.21135337400584606 
1255000 0.2028361568624953 
1256000 0.19243310873181851 
1257000 0.20670941569989928 
1258000 0.2221312299841466 
1259000 0.16599377127735318 
1260000 0.19743831237294227 
1261000 0.1970683282564812 
1262000 0.2042487497708359 
1263000 0.20270121879400163 
1264000 0.1830274930217226 
1265000 0.1995534342737964 
1266000 0.17400504584778204 
1267000 0.2235877805182657 
1268000 0.21018071564664617 
1269000 0.18422298347530855 
1270000 0.17045057731510133 
1271000 0.20771400667695986 
1272000 0.1817364357272608 
1273000 0.1623249522376866 
1274000 0.18538004415679304 
1275000 0.21042000143210066 
1276000 0.2102801055925735 
1277000 0.18049514089498142 
1278000 0.1909098529473101 
1279000 0.22718865081010725 
1280000 0.21489065945491476 
1281000 0.19093887958081554 
1282000 0.23588179849581203 
1283000 0.19002607451019102 
1284000 0.15656900223310644 
1285000 0.2091924617949443 
1286000 0.2269137414523675 
1287000 0.21910238725017606 
1288000 0.1800414374524341 
1289000 0.16288156676028773 
1290000 0.20411929920840546 
1291000 0.21056645546898706 
1292000 0.20627568197295035 
1293000 0.19730459360685126 
1294000 0.20581472551821173 
1295000 0.2346882081451777 
1296000 0.18685579105033592 
1297000 0.20809378077993407 
1298000 0.15850603645761166 
1299000 0.1740428969481503 
1300000 0.19540020171508457 
1301000 0.1748295408554504 
1302000 0.1945696126840569 
1303000 0.18911515450129646 
1304000 0.22032909812454493 
1305000 0.2401626602863788 
1306000 0.19507357988813995 
1307000 0.23351933765605645 
1308000 0.2291676929625379 
1309000 0.17165620002466628 
1310000 0.18518775825940936 
1311000 0.1489710454302673 
1312000 0.19066336470463702 
1313000 0.18845019864895698 
1314000 0.18028923412686346 
1315000 0.21158691316583772 
1316000 0.21269330737608902 
1317000 0.21125113331331796 
1318000 0.22245935501710284 
1319000 0.17173373661374214 
1320000 0.166455915636503 
1321000 0.21674653736899754 
1322000 0.21463575967069423 
1323000 0.1688701309142507 
1324000 0.20216455755651563 
1325000 0.24369064019943615 
1326000 0.19895610363761956 
1327000 0.17889595144399512 
1328000 0.20165299737300735 
1329000 0.18839362454232986 
1330000 0.19248844865845177 
1331000 0.17533923955779684 
1332000 0.1638469146614614 
1333000 0.22959402211887506 
1334000 0.20128363024972243 
1335000 0.19510803152213635 
1336000 0.23449707693574182 
1337000 0.21532739090069022 
1338000 0.21196630140946246 
1339000 0.1688934955747739 
1340000 0.1866115460810919 
1341000 0.2565406076206026 
1342000 0.22045618616470955 
1343000 0.1777506448439881 
1344000 0.21866408365184853 
1345000 0.20280003098184987 
1346000 0.20889399887091217 
1347000 0.19552085481359674 
1348000 0.20825716363292357 
1349000 0.21696444933136091 
1350000 0.1978671284644432 
1351000 0.19859707119437164 
1352000 0.20502931896823698 
1353000 0.18859990575583896 
1354000 0.21193108636981442 
1355000 0.20995864011780993 
1356000 0.22094078861487496 
1357000 0.17841297880915258 
1358000 0.19640636964183508 
1359000 0.23433274291512143 
1360000 0.19346851864950895 
1361000 0.23852449482508922 
1362000 0.21407518019556868 
1363000 0.19129389048103781 
1364000 0.16131799738022304 
1365000 0.20319682314532114 
1366000 0.21849199076086798 
1367000 0.19755391956432194 
1368000 0.22841173625030065 
1369000 0.23001740787543057 
1370000 0.1962784345865677 
1371000 0.1731487679559157 
1372000 0.2415609447655303 
1373000 0.18243223643800124 
1374000 0.2272176096372622 
1375000 0.19239202040923234 
1376000 0.19673375617113034 
1377000 0.21470945232299007 
1378000 0.23155473165775603 
1379000 0.18209891115643484 
1380000 0.18101816772206494 
1381000 0.25039417126875824 
1382000 0.21979283720917003 
1383000 0.19540376835129195 
1384000 0.18714104075851154 
1385000 0.1984971636564507 
1386000 0.20433286179964674 
1387000 0.21416065705379994 
1388000 0.18112139575907263 
1389000 0.2136282603599254 
1390000 0.18588952592225993 
1391000 0.16737446371856313 
1392000 0.19033579735441888 
1393000 0.2047304850420812 
1394000 0.21010900343656777 
1395000 0.211338635218741 
1396000 0.1765575192510615 
1397000 0.16757916278978674 
1398000 0.18459131627631428 
1399000 0.19942628711887514 
1400000 0.1940917752957357 
1401000 0.21442096476677355 
1402000 0.2504395519201481 
1403000 0.20482561991989315 
1404000 0.2128299307742023 
1405000 0.18288187612483892 
1406000 0.18728803355506993 
1407000 0.17355753729201237 
1408000 0.1956340338657682 
1409000 0.18200513899930626 
1410000 0.18919450919716002 
1411000 0.2036989815237306 
1412000 0.18180793461228634 
1413000 0.15905692943212454 
1414000 0.1986297861351939 
1415000 0.1825103736839209 
1416000 0.19838838712868093 
1417000 0.1914547235128738 
1418000 0.19074090324729406 
1419000 0.21384348358292465 
1420000 0.1965772989439798 
1421000 0.20483719196688224 
1422000 0.2063904834394662 
1423000 0.21503762906119647 
1424000 0.2046495465587237 
1425000 0.2092583081740417 
1426000 0.20242352342383813 
1427000 0.20770665720989187 
1428000 0.2418730467414519 
1429000 0.21857955031908255 
1430000 0.1774277681724785 
1431000 0.21226785959926864 
1432000 0.1509666811112019 
1433000 0.1883424358991592 
1434000 0.17544135489349616 
1435000 0.1804363885022403 
1436000 0.20618925589783166 
1437000 0.1658348696683883 
1438000 0.18249289577826802 
1439000 0.22553805786897244 
1440000 0.18723502232476838 
1441000 0.16265213970831377 
1442000 0.1783676179888765 
1443000 0.1850765801890566 
1444000 0.18851334869246011 
1445000 0.19863901147366017 
1446000 0.18399187160856198 
1447000 0.21238412201372808 
1448000 0.19242536751646583 
1449000 0.24019256105742892 
1450000 0.20350554962845882 
1451000 0.18133450684305003 
1452000 0.213845267151572 
1453000 0.17333088004797764 
1454000 0.1864318441931239 
1455000 0.22240203575733608 
1456000 0.18107894846214184 
1457000 0.1556085846394891 
1458000 0.21012237540355153 
1459000 0.17282446398732074 
1460000 0.18651778179217926 
1461000 0.19518001049794176 
1462000 0.19911590661140788 
1463000 0.1931408627461295 
1464000 0.21495821306459006 
1465000 0.16946693292641712 
1466000 0.20045111338089644 
1467000 0.18810273535993366 
1468000 0.21134537524935157 
1469000 0.22162965834238135 
1470000 0.2008916818778573 
1471000 0.21938700119394555 
1472000 0.21882581821490119 
1473000 0.19464475293998856 
1474000 0.20569330123765334 
1475000 0.20569800373772 
1476000 0.18988044635113416 
1477000 0.20868005946252915 
1478000 0.224340717341643 
1479000 0.17766459302189352 
1480000 0.21391945055912978 
1481000 0.1601312201475551 
1482000 0.2163572385942805 
1483000 0.25489284010138386 
1484000 0.21938697755288603 
1485000 0.2091690547753185 
1486000 0.20974735014122786 
1487000 0.1875689402495306 
1488000 0.1806379517164856 
1489000 0.2119121721075588 
1490000 0.21040001300896682 
1491000 0.20147019547886136 
1492000 0.20912983596840604 
1493000 0.21476176785046952 
1494000 0.1834401677651351 
1495000 0.21873388019993611 
1496000 0.18444962334971196 
1497000 0.16162177739373382 
1498000 0.21256459027458924 
1499000 0.1891174541039729 
1500000 0.19204535878919893 
1501000 0.19002623962621623 
1502000 0.19748719644715673 
1503000 0.1953613418889471 
1504000 0.17101136417641297 
1505000 0.20967110679672474 
1506000 0.24331297379648026 
1507000 0.15420039929319648 
1508000 0.18432989249686124 
1509000 0.19523162409065797 
1510000 0.16987430107568957 
1511000 0.20154472381825408 
1512000 0.1973482196414069 
1513000 0.21070797031273145 
1514000 0.21171728876765444 
1515000 0.1791749343755522 
1516000 0.20834448552291937 
1517000 0.24144223060710643 
1518000 0.17971561776533315 
1519000 0.18794028646155292 
1520000 0.23254236461130517 
1521000 0.2095332558424792 
1522000 0.2084184648575117 
1523000 0.19136181592060844 
1524000 0.1778528500240921 
1525000 0.17245605351971013 
1526000 0.23156890166202487 
1527000 0.16779175109815367 
1528000 0.19570231781952566 
1529000 0.2061222575316657 
1530000 0.22253003576838326 
1531000 0.20832246067109134 
1532000 0.2030168281384507 
1533000 0.1896716798945213 
1534000 0.20057636067197754 
1535000 0.17705338280797298 
1536000 0.16865162107830098 
1537000 0.2206315384135055 
1538000 0.18707413247861981 
1539000 0.17315801581339715 
1540000 0.23131892919099642 
1541000 0.1997338781573803 
1542000 0.21721896518670653 
1543000 0.2305015162181525 
1544000 0.23359677413074884 
1545000 0.216332940275286 
1546000 0.22498446472716288 
1547000 0.18873445895135912 
1548000 0.19733453871478215 
1549000 0.19450315039074065 
1550000 0.20315292095182313 
1551000 0.19279261975674583 
1552000 0.21832754993182696 
1553000 0.21897856113292866 
1554000 0.19618833174876255 
1555000 0.19390495315508532 
1556000 0.2061961214503507 
1557000 0.17806349098369104 
1558000 0.17712862104176016 
1559000 0.20411414811922585 
1560000 0.20550471358552017 
1561000 0.18479810367300298 
1562000 0.18838595986528248 
1563000 0.17262846043455354 
1564000 0.18693841271965553 
1565000 0.18943376484619331 
1566000 0.20750591449620537 
1567000 0.19700121300076978 
1568000 0.19467807883395766 
1569000 0.18852180685170966 
1570000 0.19367404513865305 
1571000 0.17680646108541348 
1572000 0.20343721977289922 
1573000 0.17176579544227705 
1574000 0.21337132756877805 
1575000 0.22554796319216472 
1576000 0.1975231287829715 
1577000 0.2276632654553252 
1578000 0.1877509523479916 
1579000 0.2301124257854522 
1580000 0.19241132489271692 
1581000 0.19568742356325325 
1582000 0.2409450257152816 
1583000 0.19686488629619245 
1584000 0.19495468695347937 
1585000 0.20441886531953393 
1586000 0.22839453647263214 
1587000 0.1840570232867212 
1588000 0.22102287270820362 
1589000 0.2141668339036 
1590000 0.18937520465121796 
1591000 0.184621490894982 
1592000 0.18969964866889408 
1593000 0.1933177562070242 
1594000 0.20265969072972911 
1595000 0.2204707627459741 
1596000 0.2113005027844121 
1597000 0.20361189381302927 
1598000 0.1700481475772266 
1599000 0.17877836983701845 
1600000 0.1843902981879148 
1601000 0.1900122815913224 
1602000 0.18382199508958388 
1603000 0.2111557765946084 
1604000 0.2297965370127468 
1605000 0.1761304913961067 
1606000 0.1683933709820525 
1607000 0.2049229783437625 
1608000 0.2103904768927377 
1609000 0.1911054017720404 
1610000 0.15930069420170787 
1611000 0.2395172038019824 
1612000 0.1765410268304898 
1613000 0.19488883446741298 
1614000 0.20339682006178159 
1615000 0.17985311806344167 
1616000 0.1915892987275366 
1617000 0.1964409547903184 
1618000 0.2029510827554808 
1619000 0.23494024489385515 
1620000 0.20092201972576115 
1621000 0.21509974710350724 
1622000 0.1942488335678469 
1623000 0.2097009389146045 
1624000 0.199039950482697 
1625000 0.17404950243946762 
1626000 0.17811695368002547 
1627000 0.17488885581417107 
1628000 0.23928726368412187 
1629000 0.21688350979648208 
1630000 0.1874761400762343 
1631000 0.19437666143884355 
1632000 0.21070248612127926 
1633000 0.2271531284549321 
1634000 0.1747528127255586 
1635000 0.2226018884035627 
1636000 0.16799667511401065 
1637000 0.1869641948451733 
1638000 0.21826052854336353 
1639000 0.18910119393825633 
1640000 0.18691493195150963 
1641000 0.20727694883659012 
1642000 0.17741963506149966 
1643000 0.1940616786124302 
1644000 0.2184642061940336 
1645000 0.18198881798534797 
1646000 0.21342108038067223 
1647000 0.21928273701800477 
1648000 0.1994514663788566 
1649000 0.19936698529624142 
1650000 0.23611940748871432 
1651000 0.2143245544983568 
1652000 0.17893974098092985 
1653000 0.22507117267071236 
1654000 0.20865038212174328 
1655000 0.2279673797895009 
1656000 0.20016234177800094 
1657000 0.17624293315804626 
1658000 0.19753311828814693 
1659000 0.2097221956388274 
1660000 0.2067431405280437 
1661000 0.17774677659414762 
1662000 0.1562446539167299 
1663000 0.2075621529123646 
1664000 0.178066489285919 
1665000 0.17233270730092176 
1666000 0.18240441679287928 
1667000 0.209901977450859 
1668000 0.22249923848252806 
1669000 0.2004289342858024 
1670000 0.2097247684241765 
1671000 0.2267938539940827 
1672000 0.20413896746915433 
1673000 0.2044171982890117 
1674000 0.18276763615849534 
1675000 0.20290576982730152 
1676000 0.19922852730854146 
1677000 0.24168929292198732 
1678000 0.18170825271534297 
1679000 0.19323063350397435 
1680000 0.17939071432009632 
1681000 0.20188177249038913 
1682000 0.1977695265410424 
1683000 0.15491801535584054 
1684000 0.19483392094083377 
1685000 0.19721607261726404 
1686000 0.21930743994294635 
1687000 0.17788740874740672 
1688000 0.1595098110910786 
1689000 0.17918708913379036 
1690000 0.20635498293370583 
1691000 0.174310557622725 
1692000 0.1756932705480814 
1693000 0.2158192910476743 
1694000 0.1776269344570503 
1695000 0.19685133635759763 
1696000 0.20730225472574323 
1697000 0.21398231503770745 
1698000 0.2188400387012048 
1699000 0.19138592438576904 
1700000 0.21056814092683196 
1701000 0.17235015767188905 
1702000 0.20112504508531887 
1703000 0.19164281180307913 
1704000 0.20580157030021204 
1705000 0.18288977514650878 
1706000 0.14256480819918713 
1707000 0.20003906082316808 
1708000 0.19405172174780577 
1709000 0.19029386490908998 
1710000 0.21761952956495653 
1711000 0.20805142729602735 
1712000 0.19640248161297447 
1713000 0.18683380367627786 
1714000 0.20552749176293234 
1715000 0.20357909574917837 
1716000 0.1836023397980743 
1717000 0.1924736853636387 
1718000 0.20581654224954846 
1719000 0.14587580954880577 
1720000 0.17703769189106838 
1721000 0.19408883355163584 
1722000 0.2216981853595743 
1723000 0.1945807862112913 
1724000 0.22095896540200435 
1725000 0.21191128850153776 
1726000 0.18728736854410932 
1727000 0.25566012219611894 
1728000 0.1792846228743978 
1729000 0.18334903618280865 
1730000 0.18855555560476736 
1731000 0.21043168358949993 
1732000 0.170448906214308 
1733000 0.18997751430054774 
1734000 0.18133900216584004 
1735000 0.1880650832060939 
1736000 0.19256171959689275 
1737000 0.19301216843266564 
1738000 0.1762899761687298 
1739000 0.205526429691998 
1740000 0.1978028904946098 
1741000 0.20243361545258304 
1742000 0.20444294486480769 
1743000 0.21366699580509277 
1744000 0.21301762357314494 
1745000 0.179574383709891 
1746000 0.17548096103382557 
1747000 0.2054247654328105 
1748000 0.2486435283362293 
1749000 0.2023154878041568 
1750000 0.20386450044985496 
1751000 0.22313128546318503 
1752000 0.21811794731552545 
1753000 0.2267438425412918 
1754000 0.21069562967258695 
1755000 0.1916122447416147 
1756000 0.1833083854052538 
1757000 0.2222855064018689 
1758000 0.19828622378956062 
1759000 0.1877994971000599 
1760000 0.20060331182555857 
1761000 0.19940081795988215 
1762000 0.17864567420012917 
1763000 0.18310118098256611 
1764000 0.2206643125923303 
1765000 0.19459588622268567 
1766000 0.21934063166317266 
1767000 0.1961757224422446 
1768000 0.1875762622920422 
1769000 0.19881482322680163 
1770000 0.2252490840818786 
1771000 0.19120760683431673 
1772000 0.1933684648118266 
1773000 0.1659559277635783 
1774000 0.18722050551873795 
1775000 0.1953641949012504 
1776000 0.15067098974843116 
1777000 0.1788275739124249 
1778000 0.20272962677255937 
1779000 0.23949974843054092 
1780000 0.22192226006159915 
1781000 0.201469587663133 
1782000 0.185449756486006 
1783000 0.19508477006450417 
1784000 0.2126777187292858 
1785000 0.18844436027940734 
1786000 0.21551873170300567 
1787000 0.1604154581964979 
1788000 0.19711942699560395 
1789000 0.25499482328276435 
1790000 0.19605303930893644 
1791000 0.24976457631881252 
1792000 0.19445900956425424 
1793000 0.18673950806879708 
1794000 0.1810785294592196 
1795000 0.19728527415098818 
1796000 0.17958180367950272 
1797000 0.1562652137930683 
1798000 0.1886619700585704 
1799000 0.20719527286228098 
1800000 0.19262467747662898 
1801000 0.2297295555273146 
1802000 0.1923571240481496 
1803000 0.20531406376849226 
1804000 0.20780214983452835 
1805000 0.2596433549260682 
1806000 0.20661621385864903 
1807000 0.20052492955782758 
1808000 0.2143330970987998 
1809000 0.23206430639393 
1810000 0.24073691068506528 
1811000 0.21447379547786297 
1812000 0.21539463017925245 
1813000 0.24263036123410586 
1814000 0.21140191301524744 
1815000 0.2029431301081018 
1816000 0.21286083403385211 
1817000 0.204109175853573 
1818000 0.21034699047713035 
1819000 0.17277687440352285 
1820000 0.2238035892544133 
1821000 0.19664820964179752 
1822000 0.17108050980936537 
1823000 0.1700425087294244 
1824000 0.16576623889530895 
1825000 0.19751405194593635 
1826000 0.188902434808763 
1827000 0.2269428744908106 
1828000 0.33956220289814226 
1829000 0.31511121718965074 
1830000 0.2532275646572598 
1831000 0.38616515772010945 
1832000 0.324447243494602 
1833000 0.3162448321740761 
1834000 0.3362303627983223 
1835000 0.3095320228634221 
1836000 0.2874539231042564 
1837000 0.31688901823462096 
1838000 0.27936767509356486 
1839000 0.34795364276343965 
1840000 0.3054945952783233 
1841000 0.2974447877701699 
1842000 0.30689356928975225 
1843000 0.33013815023223136 
1844000 0.30324898233714953 
1845000 0.3211713549683522 
1846000 0.3006922455223346 
1847000 0.34271275297412007 
1848000 0.3518020701267605 
1849000 0.3161837984672201 
1850000 0.3063100185856242 
1851000 0.3517395592876096 
1852000 0.3275333377602197 
1853000 0.3098923783176043 
1854000 0.3636650142416516 
1855000 0.31855994144565286 
1856000 0.32851220192125064 
1857000 0.3321011292040784 
1858000 0.3286042964759525 
1859000 0.31202313101569057 
1860000 0.3449681874859087 
1861000 0.3428683075948529 
1862000 0.3096287731974565 
1863000 0.36233042696144135 
1864000 0.32937703011104286 
1865000 0.2616068687274956 
1866000 0.2669840894619353 
1867000 0.3150694744695434 
1868000 0.3254096296456059 
1869000 0.384216506494407 
1870000 0.292287400149621 
1871000 0.3014927382658871 
1872000 0.3127523844396152 
1873000 0.2876331227709388 
1874000 0.31959368448762315 
1875000 0.2829921878366341 
1876000 0.36011853481623063 
1877000 0.3090532882390861 
1878000 0.3206358335485665 
1879000 0.3073750263352308 
1880000 0.3128035031758158 
1881000 0.34181125882261654 
1882000 0.34460418729804637 
1883000 0.2842256846161425 
1884000 0.3092859688391622 
1885000 0.2581118133798405 
1886000 0.3035150935744282 
1887000 0.2619285853217627 
1888000 0.31568154232794715 
1889000 0.2896663991199307 
1890000 0.2819659381779852 
1891000 0.34362367187859366 
1892000 0.2818522027200007 
1893000 0.30236178936606567 
1894000 0.31004900610716274 
1895000 0.2956474448141687 
1896000 0.3105755874347382 
1897000 0.2792441725249405 
1898000 0.3443899781455125 
1899000 0.31586093025612527 
1900000 0.34119483214324986 
1901000 0.31614620585879405 
1902000 0.3078421239025692 
1903000 0.30289145680937474 
1904000 0.30615337770374335 
1905000 0.3335305456253424 
1906000 0.29803653582253203 
1907000 0.30034526740535167 
1908000 0.32646228310068726 
1909000 0.30429801868000333 
1910000 0.3218721573621675 
1911000 0.3029470745668228 
1912000 0.31168440157021254 
1913000 0.2740741330596249 
1914000 0.30608147434899247 
1915000 0.3603316829912444 
1916000 0.3360884708328615 
1917000 0.324129649360855 
1918000 0.33339734691179984 
1919000 0.24942969704190882 
1920000 0.27954637251064246 
1921000 0.3161919607891101 
1922000 0.3018028282492662 
1923000 0.33519338431138773 
1924000 0.2848817356428561 
1925000 0.28180358371453157 
1926000 0.2908003884984913 
1927000 0.2835909776245437 
1928000 0.28504471445599483 
1929000 0.2565096762474247 
1930000 0.3262635943182365 
1931000 0.3232424871703869 
1932000 0.31096384398019017 
1933000 0.28455847990905514 
1934000 0.28539836538348057 
1935000 0.29696157065704015 
1936000 0.30815639012982454 
1937000 0.28995918303446583 
1938000 0.33035941030220467 
1939000 0.29646821214895386 
1940000 0.2959573209255491 
1941000 0.2783094231435738 
1942000 0.2778638044470897 
1943000 0.3275775119176776 
1944000 0.34241953007594045 
1945000 0.3074770871795898 
1946000 0.2964757908531423 
1947000 0.3252210905921175 
1948000 0.35664614194703115 
1949000 0.2975724103787482 
1950000 0.31290148591040057 
1951000 0.30087533916398673 
1952000 0.268224633748925 
1953000 0.37054000811876914 
1954000 0.30304329478024694 
1955000 0.3071796103264672 
1956000 0.29123521641518246 
1957000 0.3339240324461825 
1958000 0.34629240510117165 
1959000 0.36512102754420034 
1960000 0.3415646388992493 
1961000 0.2821672642122633 
1962000 0.31256432765204245 
1963000 0.3271171233539964 
1964000 0.2928658004184421 
1965000 0.30512873585459754 
1966000 0.3207922122511366 
1967000 0.2893693938809553 
1968000 0.3102350556542567 
1969000 0.27717822768143885 
1970000 0.29756431035700803 
1971000 0.286248357953393 
1972000 0.30469843077504205 
1973000 0.297608105090435 
1974000 0.3532744012767892 
1975000 0.3546582663241855 
1976000 0.3087360341231566 
1977000 0.28336724417159226 
1978000 0.2762782247900742 
1979000 0.3205542537852444 
1980000 0.3045574767900031 
1981000 0.28203607807953085 
1982000 0.29609361052340666 
1983000 0.33175508012090726 
1984000 0.2862401825080415 
1985000 0.31013643713748357 
1986000 0.2915500794182972 
1987000 0.28847645144582584 
1988000 0.3013298170548197 
1989000 0.3241143738150623 
1990000 0.32656123100355094 
1991000 0.3065270325394543 
1992000 0.34462790966551243 
1993000 0.33161799978763834 
1994000 0.33307137666117104 
1995000 0.3201194163908465 
1996000 0.27283610291272065 
1997000 0.31732808705507604 
1998000 0.30146990486203656 
1999000 0.30048366601601084 
2000000 0.3210650530426224 
2001000 0.2656204496830814 
2002000 0.3228694022227391 
2003000 0.27425279294047095 
2004000 0.3015006808164155 
2005000 0.3641964842515536 
2006000 0.34174699965167965 
2007000 0.31713074426949023 
2008000 0.3132241987634028 
2009000 0.33063590947999455 
2010000 0.33759183821964467 
2011000 0.31491306972055677 
2012000 0.278138563844743 
2013000 0.30851480107479995 
2014000 0.3319276448753451 
2015000 0.3104933397745054 
2016000 0.30667253963513585 
2017000 0.27278326416856363 
2018000 0.3489690971102853 
2019000 0.36745124197813417 
2020000 0.30834947252634076 
2021000 0.3068245828492206 
2022000 0.3111552778626154 
2023000 0.29077237799761707 
2024000 0.32248628766124554 
2025000 0.27972490213475815 
2026000 0.3123984439953826 
2027000 0.2910294375473704 
2028000 0.3184313300848226 
2029000 0.2887939969156705 
2030000 0.30605172519525287 
2031000 0.31293628005205004 
2032000 0.31503722532717915 
2033000 0.2854266278526675 
2034000 0.3020217839833765 
2035000 0.36576866962349747 
2036000 0.2909399796612902 
2037000 0.3117863940379868 
2038000 0.3420937134094255 
2039000 0.28097761029231033 
2040000 0.3233114976511566 
2041000 0.29892598539875104 
2042000 0.2845975399692128 
2043000 0.322707469112056 
2044000 0.30232372033378596 
2045000 0.3014714858430684 
2046000 0.28644994559201314 
2047000 0.3261293476159475 
2048000 0.31757177253218555 
2049000 0.3129366690394003 
2050000 0.2899235968475515 
2051000 0.32454363771052597 
2052000 0.29679266593502923 
2053000 0.29872302741603396 
2054000 0.3050965013055698 
2055000 0.27975074544150813 
2056000 0.3382560653474759 
2057000 0.31109503051629034 
2058000 0.2996857949877643 
2059000 0.317787528638915 
2060000 0.3291914906869106 
2061000 0.26980316128111703 
2062000 0.3044482113553438 
2063000 0.2883266060422346 
2064000 0.3045488360846953 
2065000 0.3166016043576779 
2066000 0.30561888546026916 
2067000 0.3081884589794359 
2068000 0.26579411732229774 
2069000 0.3160652368820661 
2070000 0.3001473020569344 
2071000 0.27567046289963887 
2072000 0.32644402374652276 
2073000 0.35233097565195487 
2074000 0.3297309836511329 
2075000 0.29919983712083537 
2076000 0.3246913516133732 
2077000 0.2981496841539445 
2078000 0.25202790799801156 
2079000 0.27852899249856805 
2080000 0.2666403086068445 
2081000 0.2798548566500566 
2082000 0.3361873808888486 
2083000 0.31511763741907206 
2084000 0.33539863381494994 
2085000 0.3011596801236049 
2086000 0.34609032367776077 
2087000 0.30437935367459407 
2088000 0.26930369712962693 
2089000 0.32785153065354206 
2090000 0.3460123412256824 
2091000 0.2953883037221759 
2092000 0.3298737334703143 
2093000 0.32411566065291225 
2094000 0.34980396069048314 
2095000 0.3242115994578826 
2096000 0.29851937014656604 
2097000 0.33742735428407666 
2098000 0.31079418933361946 
2099000 0.30024366961712917 
2100000 0.3297915206768727 
