# "Timestep" "MSD"
100000 0 
101000 0.3634415224665736 
102000 0.300536620686975 
103000 0.41476790359416527 
104000 0.33837713026650196 
105000 0.33708798117628025 
106000 0.3553973124268403 
107000 0.33848650846704303 
108000 0.35286986890555666 
109000 0.5065171182889683 
110000 0.7709298599028502 
111000 0.6096363875721007 
112000 0.6841276185576834 
113000 0.5700321039205856 
114000 0.6258054374620555 
115000 0.7602284499317106 
116000 0.8883952424300693 
117000 0.866753683009804 
118000 0.8653967034323394 
119000 0.7662457976708332 
120000 0.8233633338894657 
121000 0.7311229326539084 
122000 0.912915412681979 
123000 0.8250016402677087 
124000 0.8628508382098005 
125000 0.8375262295889212 
126000 0.7610709940725319 
127000 0.8575036829151498 
128000 0.8354374303651303 
129000 0.7695593241614481 
130000 0.7639460026568667 
131000 0.8710086323806859 
132000 1.0586316729997722 
133000 1.0410863616129724 
134000 1.1897848981394867 
135000 1.3075539313432725 
136000 1.151497692962648 
137000 1.3264581533236794 
138000 1.327396119993761 
139000 1.414616940687203 
140000 1.3838316616171957 
141000 1.560748075765925 
142000 1.7691108254306664 
143000 1.6374825984931671 
144000 1.4527466844010468 
145000 1.6535598904119173 
146000 1.6301251268593895 
147000 1.622311805938088 
148000 1.7025177934214004 
149000 1.6962772881957566 
150000 1.59835877493834 
151000 1.7018763492176503 
152000 1.6680404761175673 
153000 1.8092094509011794 
154000 1.8463347505402676 
155000 1.6414180367015792 
156000 1.6756814127668298 
157000 1.5893634589594783 
158000 1.5699697634641905 
159000 1.580238111774426 
160000 1.6529814000302543 
161000 1.679125941292063 
162000 1.7787195937490459 
163000 1.6882397019246513 
164000 1.6345709304757547 
165000 1.8884291759611493 
166000 1.9821576675116557 
167000 1.842023530540123 
168000 1.9855398520839396 
169000 1.9035868522567205 
170000 2.0545244510963774 
171000 2.0861321661697536 
172000 1.9857968094019474 
173000 2.0268839286817624 
174000 2.0272596629055357 
175000 1.9953616621733614 
176000 2.091445815221646 
177000 2.0216375318496036 
178000 2.084749899926902 
179000 2.0167079571338813 
180000 2.028061326229948 
181000 1.8152828848737965 
182000 1.8948907953354994 
183000 1.9791198571174955 
184000 1.9736934246671625 
185000 1.8949159478197772 
186000 1.9571223908622029 
187000 1.8710693329929438 
188000 2.0214406659846893 
189000 1.9939542977248403 
190000 1.879657060706483 
191000 1.8448007124482995 
192000 1.802810864433141 
193000 1.807783446699267 
194000 1.8146549080907164 
195000 1.8153697309304992 
196000 1.8804023352689279 
197000 1.9352212831909712 
198000 1.8575937597813055 
199000 1.7642380339007884 
200000 1.9846562846400484 
201000 1.8708575702714982 
202000 2.3861522679278755 
203000 2.333311877485195 
204000 2.304808045407215 
205000 2.2512711689171065 
206000 2.2052194184354907 
207000 2.4257079738545126 
208000 2.3562199302192997 
209000 2.3237285263233693 
210000 2.1798036029007326 
211000 2.2861180682523985 
212000 2.3008150469958633 
213000 2.2765840218971185 
214000 2.557463142534041 
215000 2.3526899676507496 
216000 2.3562363842174046 
217000 2.1703802761762594 
218000 2.316183115708715 
219000 2.416658694718337 
220000 2.2751316367458787 
221000 2.1552675776493255 
222000 2.394674329953035 
223000 2.322678736022649 
224000 2.502734208645879 
225000 2.4882693187703593 
226000 2.278552122060166 
227000 2.321486362493042 
228000 2.408568876679247 
229000 2.5116591662001864 
230000 2.537095087211974 
231000 2.5112978762537543 
232000 2.5076750536801238 
233000 2.306828554909616 
234000 2.333008215722082 
235000 2.2841251588556477 
236000 2.2217207353021022 
237000 2.5782547579077817 
238000 2.515407695782052 
239000 2.451561208323145 
240000 2.505472767776286 
241000 2.3644358355126003 
242000 2.512718147712529 
243000 2.4566545003919678 
244000 2.646994653800305 
245000 2.7260615279604217 
246000 2.80693920780402 
247000 2.6576915148813507 
248000 2.8654381640012163 
249000 2.8031736915852523 
250000 3.1594960019428213 
251000 2.833742035676079 
252000 3.0093353384116797 
253000 3.07350249127683 
254000 3.010644553155491 
255000 2.9408543276860777 
256000 2.941881573433668 
257000 3.0219952532760432 
258000 2.9609092013541667 
259000 2.938120400936693 
260000 2.776069128029071 
261000 2.8469385813648485 
262000 2.9122248816465315 
263000 2.8747658735140966 
264000 2.8733917590774523 
265000 2.8281374089737588 
266000 2.916678571192699 
267000 2.9452561088560847 
268000 3.05528333058776 
269000 2.8047491615061215 
270000 2.865488827324939 
271000 2.9401590082594558 
272000 3.0369265119878692 
273000 3.0044566855317405 
274000 2.897853039522736 
275000 2.862509333769144 
276000 2.908651841826541 
277000 2.927910043740195 
278000 2.9545545254060284 
279000 2.8819924787348015 
280000 3.042915811506876 
281000 2.7551209491246347 
282000 3.12793737890658 
283000 3.29810647102473 
284000 3.4391866240463025 
285000 3.7211953795593047 
286000 3.5723987278158735 
287000 3.195467026478693 
288000 3.309038508164906 
289000 3.2903960632389384 
290000 3.458791070781518 
291000 3.1639250030841115 
292000 3.1733544714541546 
293000 3.234911789677557 
294000 3.127763887942971 
295000 3.36897440239974 
296000 3.1761275373876985 
297000 3.1565581582108035 
298000 3.5206352077876213 
299000 3.457292896885914 
300000 3.5351729213946093 
301000 3.525514628353661 
302000 3.330349752617312 
303000 3.417637097182719 
304000 3.350849627358092 
305000 3.6778656183749856 
306000 3.3570375543025706 
307000 3.354710709865277 
308000 3.3930780545983104 
309000 3.5683096049842757 
310000 3.510254463708728 
311000 3.955810030345749 
312000 3.8393573564398853 
313000 4.056467752189606 
314000 3.856530660604584 
315000 4.01459031503237 
316000 4.188638251914751 
317000 4.101016718299351 
318000 3.946567664491878 
319000 3.951098991255525 
320000 4.058321535298661 
321000 4.030305939630736 
322000 4.094852655585628 
323000 3.962812006106284 
324000 4.118872873503568 
325000 4.0898559382854085 
326000 4.072041981795437 
327000 4.151993548043308 
328000 4.2186065004172555 
329000 4.078214029690577 
330000 3.918880113367463 
331000 4.06506540852303 
332000 3.9801813360886955 
333000 3.997707007800868 
334000 4.0403244438952 
335000 4.194201184649803 
336000 4.321925169915327 
337000 4.301017311788955 
338000 4.008467229711135 
339000 3.957963720449228 
340000 4.025081979586832 
341000 3.920052525938006 
342000 3.6977449806607376 
343000 4.115308010594852 
344000 3.998105990177887 
345000 3.7611552863830284 
346000 4.1645225108478705 
347000 4.312361150663486 
348000 4.110133045964214 
349000 4.271174496246046 
350000 4.276624884812838 
351000 4.454288673722128 
352000 4.469853285874213 
353000 4.297088204214193 
354000 4.196399264489277 
355000 4.39999850635353 
356000 4.203839220377608 
357000 4.432966228920345 
358000 4.496987062100308 
359000 4.474671010340229 
360000 4.194761787970133 
361000 4.175107228123952 
362000 4.377899535238136 
363000 4.040486885734584 
364000 4.288953919688484 
365000 4.136968613932692 
366000 4.566965153908031 
367000 4.565441293672118 
368000 4.479002616000614 
369000 4.33511311293102 
370000 4.39711233882408 
371000 4.3763999153740265 
372000 4.553872343189974 
373000 4.585592237710651 
374000 4.652125934205924 
375000 4.792772197909598 
376000 4.885220994329198 
377000 4.935912971088484 
378000 4.614593896524186 
379000 4.935506397488054 
380000 4.844550216058261 
381000 4.899887000348843 
382000 4.860472822159005 
383000 4.964974757393868 
384000 4.980434845633282 
385000 4.964149020340584 
386000 4.911464099066663 
387000 5.0125942082165285 
388000 5.00669022643926 
389000 5.13680389716692 
390000 4.985277211161527 
391000 4.97179361778484 
392000 4.944799637075748 
393000 5.094602384876857 
394000 5.025676735125488 
395000 5.07771237767511 
396000 5.116692866390945 
397000 5.07141101640176 
398000 5.2824506112025285 
399000 5.096620895477345 
400000 5.164662100962218 
401000 5.170778991693826 
402000 5.111964485916229 
403000 5.475942781017039 
404000 5.4851846114652245 
405000 5.575831868030052 
406000 5.428719813522319 
407000 5.516534483888717 
408000 5.280836328071185 
409000 5.340857702707106 
410000 5.425930100745507 
411000 5.411222616241044 
412000 5.355842495251633 
413000 5.2824000758364305 
414000 5.315979260981246 
415000 5.520386029874156 
416000 5.437809414602631 
417000 5.380996334861387 
418000 5.577105267433442 
419000 5.503324300869092 
420000 5.502446163021584 
421000 5.610728023456499 
422000 5.593204864529769 
423000 5.453653530726772 
424000 5.707629330182128 
425000 5.531360127281486 
426000 5.501412891354406 
427000 5.551423540036174 
428000 5.724538750380421 
429000 5.611609349891825 
430000 5.774451068447606 
431000 5.849027729385737 
432000 5.6313600500118985 
433000 5.666004782338643 
434000 5.62894481297098 
435000 5.541329287772505 
436000 5.7422470835303345 
437000 5.671906915917703 
438000 5.6133304731634315 
439000 5.7588503943003735 
440000 5.763257271161004 
441000 5.5397542319054045 
442000 5.596028872516339 
443000 5.775519430470247 
444000 5.611821110638892 
445000 5.931373995498378 
446000 6.11298142242849 
447000 5.943562324057846 
448000 6.10619113594735 
449000 6.449128831931552 
450000 6.064252591945429 
451000 6.468733935573706 
452000 6.367960303323037 
453000 6.9097623545777145 
454000 6.786553129393132 
455000 6.85966720984075 
456000 6.864414516738043 
457000 6.7414107334869 
458000 6.895960593865145 
459000 6.850429460701268 
460000 6.787133322083475 
461000 6.878804434334092 
462000 6.978136768397362 
463000 7.116982892934424 
464000 6.753472137910189 
465000 6.725177106935412 
466000 7.047353531774677 
467000 6.9928838873868155 
468000 7.054343891364376 
469000 7.26557479165188 
470000 7.171976819559566 
471000 6.993993208592515 
472000 7.368674676554155 
473000 7.2860811261581855 
474000 7.085395937267221 
475000 7.232486673018029 
476000 7.176805508871311 
477000 7.066364922699902 
478000 7.2273111990889465 
479000 7.228434366061112 
480000 7.059763342329447 
481000 7.301373353126822 
482000 7.459823504566819 
483000 7.166461799206736 
484000 7.303304272412412 
485000 7.302104913146343 
486000 7.184485107097095 
487000 7.09482064414738 
488000 7.482180439604506 
489000 7.363232056895986 
490000 7.261354719962812 
491000 7.766473131960822 
492000 7.53806353721915 
493000 7.460789408198672 
494000 7.402695041875879 
495000 7.465145127952892 
496000 7.365269999908465 
497000 7.205035095487023 
498000 7.585856666622485 
499000 7.3673132443805045 
500000 7.589623288106852 
501000 7.5064029159305665 
502000 7.638683402666261 
503000 7.359733971908118 
504000 7.618682923671179 
505000 7.712514940114011 
506000 7.682557307241182 
507000 7.490284836661622 
508000 7.671904260358866 
509000 7.919309621551648 
510000 7.59152714407207 
511000 7.613426381049769 
512000 7.576258790383854 
513000 7.926556488724268 
514000 7.757664906539212 
515000 7.807318888082641 
516000 7.834509470534813 
517000 7.7880030378999985 
518000 7.589301829463571 
519000 7.837220712634703 
520000 7.586925285924438 
521000 7.663052359914673 
522000 8.022860735329184 
523000 8.073853043991395 
524000 7.755316894230275 
525000 7.7223191680332075 
526000 7.937232786142252 
527000 8.075333099442371 
528000 7.649191577618119 
529000 7.869596508572734 
530000 7.592410500140625 
531000 8.052751599726804 
532000 7.92196954436891 
533000 8.5244290368499 
534000 8.304007100530782 
535000 8.336409139960667 
536000 8.495045266796243 
537000 8.491207763073021 
538000 8.660736006398821 
539000 8.486944852301004 
540000 8.579958754839241 
541000 8.485073957481205 
542000 8.571111020997677 
543000 8.487255104621045 
544000 8.904990372861054 
545000 8.66609759094579 
546000 8.469076390118556 
547000 8.460342216724156 
548000 8.550480826394738 
549000 8.601037752336694 
550000 8.556467712067937 
551000 8.388565108241336 
552000 8.634276670986454 
553000 8.532467411651103 
554000 8.419609782585962 
555000 8.561331505313595 
556000 8.637695948813334 
557000 8.311046681408474 
558000 8.453909161736513 
559000 8.188744944447896 
560000 8.383377359817127 
561000 8.389204043732194 
562000 8.219979275605311 
563000 8.211016631171553 
564000 8.489080270185864 
565000 8.335009877405001 
566000 8.683761679491878 
567000 8.541573992739526 
568000 8.582368655178644 
569000 8.349759712674805 
570000 8.489438571705465 
571000 8.376923876965407 
572000 8.448461399951375 
573000 7.911920357410684 
574000 8.30875700802914 
575000 8.203821133103897 
576000 8.43507642975886 
577000 8.333944916218014 
578000 8.206172255735135 
579000 8.177565457762139 
580000 8.490871839843745 
581000 8.638188188851691 
582000 8.066625003860192 
583000 8.559539089595255 
584000 8.572997391153432 
585000 8.60817597690617 
586000 8.534896119705452 
587000 8.831446890285019 
588000 8.838787075260557 
589000 8.481609353770189 
590000 8.731277159512222 
591000 8.82646108702582 
592000 8.7247528799172 
593000 8.935001614198717 
594000 8.851319306178937 
595000 8.586351022351746 
596000 8.834979146763327 
597000 9.142289120773492 
598000 8.616072985790906 
599000 9.013834446395462 
600000 8.859051749445229 
601000 9.02122227467664 
602000 9.11099350088634 
603000 9.286075781841792 
604000 9.195959984634227 
605000 9.146351999027269 
606000 9.24335412415948 
607000 9.353915151559816 
608000 9.28385137311698 
609000 9.031168360172822 
610000 9.349279398262576 
611000 9.156927023143245 
612000 9.146861325990987 
613000 9.142439926354792 
614000 9.10862608073705 
615000 9.338482740324821 
616000 9.133130327221895 
617000 9.442960915799816 
618000 9.364926552508237 
619000 9.375559997794726 
620000 9.391048989116513 
621000 9.547142765505898 
622000 9.762243356875123 
623000 9.446859194402343 
624000 9.204102202168649 
625000 9.740043140432284 
626000 9.16442979866399 
627000 9.229346551307154 
628000 9.30025833594177 
629000 9.474063299518974 
630000 9.619738517208697 
631000 9.500243636396336 
632000 9.40911230310206 
633000 9.707903295791173 
634000 9.766700417860811 
635000 10.00090259149969 
636000 9.54065602953002 
637000 9.84006216835557 
638000 10.149645831285486 
639000 9.890592026961228 
640000 9.928774176252471 
641000 9.754261333293002 
642000 9.673145731233687 
643000 9.763270188426644 
644000 10.050872182240008 
645000 9.638290203070406 
646000 9.60975106455662 
647000 9.554611240474642 
648000 9.776111093040615 
649000 9.648693988605434 
650000 9.864509300382414 
651000 9.89111865606832 
652000 9.877812717040854 
653000 9.709464348429321 
654000 9.926282249182272 
655000 9.83204925626548 
656000 9.945124957297057 
657000 10.198364856978294 
658000 10.133752962386856 
659000 9.730906801623783 
660000 9.557887506488559 
661000 9.964891097704202 
662000 10.227928693648133 
663000 10.134067781085994 
664000 10.063493127513862 
665000 10.10027666600549 
666000 10.216157649588164 
667000 10.049189259912445 
668000 10.223195018921544 
669000 10.34348165355231 
670000 10.449391815816979 
671000 10.088267260412342 
672000 10.0394271126445 
673000 10.212098691004782 
674000 10.14113293320122 
675000 9.99128225198487 
676000 9.920681287419967 
677000 10.0793268359817 
678000 10.031084233776243 
679000 9.831506976325876 
680000 9.767221302731746 
681000 10.104071105724897 
682000 9.793550988512102 
683000 10.188427427940624 
684000 9.977444520470922 
685000 9.981337455620661 
686000 9.78678101564642 
687000 9.810515235985054 
688000 9.914320532411308 
689000 9.970809598426309 
690000 9.557265614660087 
691000 9.917139187228221 
692000 9.957269539789817 
693000 10.114831801642291 
694000 10.238252294091795 
695000 9.935443170530393 
696000 9.871112166732413 
697000 10.118991739349882 
698000 9.99225307650037 
699000 9.812719980023486 
700000 10.013254556162575 
701000 9.7489520561454 
702000 9.81683032398118 
703000 9.737197361199486 
704000 9.776648267510508 
705000 9.850376698648072 
706000 9.988767516779534 
707000 10.162413535747996 
708000 9.790864720063968 
709000 9.788544076467044 
710000 9.588762136359609 
711000 9.645588015329635 
712000 10.036515713469308 
713000 9.942524328659934 
714000 9.969192598490743 
715000 9.908895410008482 
716000 10.334666732614103 
717000 9.910753110205336 
718000 10.24455911604041 
719000 10.229769750136963 
720000 10.104193007067991 
721000 10.00986460569761 
722000 10.276122958319565 
723000 10.062008607974573 
724000 10.259194210545818 
725000 9.619196121526578 
726000 9.755887475905812 
727000 9.483080838973345 
728000 9.824985455215408 
729000 9.707008842009557 
730000 9.829491994565723 
731000 9.659734905742388 
732000 9.60057255718016 
733000 9.55691844201789 
734000 9.731876256369688 
735000 9.642784338963263 
736000 9.897317984334316 
737000 10.403363401707999 
738000 10.132177051988133 
739000 10.125299847159086 
740000 10.243308604002038 
741000 10.266767218234921 
742000 10.509324267991369 
743000 10.090431261629638 
744000 10.575709852790059 
745000 10.22804699529472 
746000 10.365224497604235 
747000 10.207938015189141 
748000 10.453330941842822 
749000 10.634356011740966 
750000 10.349590517737035 
751000 10.538108250889525 
752000 10.371087540563142 
753000 10.591425397756113 
754000 10.500132803028379 
755000 10.848206543457659 
756000 10.512802299977643 
757000 10.79915753463774 
758000 10.375882504111273 
759000 10.266844714250384 
760000 10.141681480579187 
761000 10.18486085926882 
762000 10.166353886601426 
763000 10.346942127303356 
764000 10.691365350053603 
765000 10.367027757308025 
766000 10.531668657396086 
767000 10.756292931891434 
768000 10.201049879302454 
769000 10.36038705933522 
770000 10.443214396221082 
771000 10.096880055194353 
772000 10.058898394078962 
773000 10.149081745939373 
774000 10.027045801812493 
775000 10.193568414171377 
776000 10.285448092589348 
777000 10.36504466833265 
778000 10.433738530715006 
779000 10.34678842441426 
780000 10.342382945388767 
781000 10.37350870698473 
782000 10.248318165502313 
783000 10.17915113924268 
784000 10.096168360681963 
785000 9.933126331292803 
786000 10.089395969043295 
787000 10.116657652961447 
788000 10.124189837796333 
789000 10.448334729439702 
790000 10.504601018892316 
791000 10.300226956530668 
792000 10.206542537918475 
793000 10.357837949334481 
794000 10.348705708388716 
795000 10.46186656042849 
796000 10.22312963992053 
797000 10.071531686964423 
798000 10.589307823940553 
799000 10.138039148799395 
800000 10.220949742063354 
801000 9.967545260151605 
802000 10.576403805288365 
803000 10.32597296528945 
804000 10.173966639762094 
805000 10.657072144000125 
806000 10.669292695084254 
807000 10.772130739104265 
808000 10.72873229661247 
809000 10.676725289042837 
810000 10.4661958959855 
811000 10.588270555830054 
812000 10.404412900576185 
813000 10.487627697119523 
814000 10.474189271241181 
815000 10.836917950526766 
816000 10.692831172324949 
817000 10.551926059530883 
818000 10.279541104534173 
819000 10.360380119217115 
820000 10.674259910099643 
821000 10.450920731509065 
822000 10.279304248754688 
823000 10.33913108878071 
824000 10.543580987509694 
825000 10.493232646875967 
826000 10.314502859784556 
827000 10.66504304807 
828000 10.403115459678194 
829000 10.510593580570994 
830000 10.403170188853561 
831000 10.579766722467278 
832000 10.178390065305688 
833000 10.14738689344016 
834000 10.65011791658057 
835000 10.388817743449193 
836000 10.303805619448566 
837000 10.279417984326294 
838000 10.43265692669879 
839000 10.277907741435001 
840000 10.53748244962809 
841000 10.43853017160457 
842000 10.716697230273775 
843000 10.50745719286861 
844000 10.700233649441502 
845000 10.78626222374708 
846000 10.709350358102732 
847000 10.376132202023165 
848000 10.860463068685993 
849000 10.609327571015378 
850000 10.468217985019649 
851000 10.508805703194902 
852000 10.377940573454294 
853000 10.389632867325755 
854000 10.825494557390162 
855000 10.53675800091129 
856000 10.50583972212546 
857000 10.744263519540704 
858000 10.387954580664479 
859000 10.563304349850787 
860000 10.915791599244123 
861000 10.557333308130149 
862000 10.260770411124009 
863000 10.35975339509391 
864000 10.716015592281089 
865000 10.838395344396863 
866000 10.524744915576058 
867000 10.677613674825098 
868000 11.158070030846988 
869000 11.196330144004246 
870000 10.641895585906294 
871000 10.82270262210751 
872000 10.8591527063289 
873000 10.573134294770766 
874000 10.819063210032088 
875000 10.803396061630945 
876000 10.817587756195012 
877000 10.773128180285275 
878000 10.51029510273176 
879000 10.853215666893274 
880000 10.93044721989536 
881000 10.43246270963658 
882000 10.976831276006111 
883000 10.86985807089165 
884000 11.061563217666603 
885000 10.807969714853577 
886000 10.618352503065694 
887000 10.727962830100772 
888000 11.178970416083367 
889000 11.252526339799411 
890000 11.270631948245555 
891000 11.024062638787333 
892000 10.894633485243654 
893000 10.937639438712228 
894000 11.141692358038968 
895000 11.164924802047157 
896000 10.940381040844048 
897000 11.280333095239326 
898000 11.076418773526829 
899000 10.964871111565435 
900000 11.091371768181617 
901000 11.331705388046883 
902000 11.298807530855068 
903000 11.315019866242928 
904000 11.297485977374603 
905000 11.467214481846883 
906000 11.040452864541745 
907000 10.831363559899984 
908000 11.312023206223792 
909000 11.115064037541485 
910000 10.948541961777153 
911000 11.407951758502126 
912000 10.867564148611198 
913000 10.847806798234704 
914000 11.39084346372603 
915000 11.496927304329448 
916000 11.144837120824608 
917000 11.551643694797578 
918000 11.128308178965982 
919000 11.186961093244063 
920000 11.044465305481022 
921000 11.337293668028293 
922000 11.177709873961044 
923000 11.391123117032652 
924000 11.070846500377007 
925000 11.355692506030715 
926000 10.67715378895906 
927000 10.973367572618754 
928000 11.515780524395042 
929000 10.797271843234727 
930000 10.918475649927114 
931000 11.071321036149344 
932000 10.660101964490442 
933000 10.822320233585428 
934000 10.81962755364741 
935000 10.878264062655589 
936000 10.787572247068239 
937000 10.62105970013359 
938000 10.819433311093116 
939000 10.732953853798463 
940000 10.92791807777409 
941000 10.55129046655957 
942000 10.72442365314069 
943000 10.51084850341362 
944000 10.47547264533375 
945000 10.572399160320572 
946000 10.566390911598875 
947000 10.12349211772636 
948000 10.77157794540502 
949000 10.404957078672735 
950000 10.553852737630194 
951000 10.278635176276598 
952000 10.60270184338888 
953000 10.592237358555748 
954000 10.531950026945525 
955000 10.652697911814231 
956000 10.4423596174786 
957000 10.392199637092943 
958000 10.911633480324348 
959000 10.470934397536148 
960000 10.419948279610587 
961000 10.72077479983784 
962000 10.504975764219145 
963000 10.62916543750333 
964000 10.724334297918892 
965000 10.372753711533063 
966000 10.762011786586378 
967000 10.468067529880171 
968000 10.44108817107358 
969000 10.565673313612457 
970000 10.505772482854228 
971000 10.498159340292606 
972000 10.822823414363613 
973000 10.6110526641935 
974000 10.850474342770461 
975000 10.596185368074392 
976000 10.52782795874444 
977000 10.628138804143251 
978000 10.297629534099562 
979000 10.637688599282347 
980000 10.735437080582736 
981000 10.868618776209521 
982000 10.725049287439466 
983000 10.634065959726843 
984000 10.388583233979473 
985000 10.661211276450008 
986000 10.341976530415865 
987000 10.634960864934632 
988000 10.764210996854661 
989000 10.377971681019984 
990000 10.860583643625192 
991000 10.835611791044899 
992000 10.861458819573587 
993000 10.912531519638426 
994000 10.965041175184421 
995000 11.129249778956968 
996000 10.907333069484535 
997000 11.07505669400435 
998000 10.949139310724048 
999000 11.040172382317975 
1000000 10.508980404820358 
1001000 10.995484827700981 
1002000 10.8589362223259 
1003000 10.65226296217617 
1004000 10.899419218521567 
1005000 10.892510456071665 
1006000 10.446329549043396 
1007000 10.596493215758962 
1008000 10.763882720775872 
1009000 10.88772215955523 
1010000 10.900518900096486 
1011000 10.972856119353484 
1012000 10.693539224803203 
1013000 10.767163905562546 
1014000 10.754733701882268 
1015000 10.642250469998888 
1016000 10.585329297135951 
1017000 10.46645176800398 
1018000 10.979395748118861 
1019000 10.935942924613524 
1020000 10.797423613363884 
1021000 10.900834063975465 
1022000 11.367702756026205 
1023000 11.037768052494792 
1024000 10.910147442341046 
1025000 10.820269974056613 
1026000 10.981368211324195 
1027000 10.647474912948411 
1028000 11.185772564683843 
1029000 10.901371517278298 
1030000 11.00866762460181 
1031000 10.8947978032025 
1032000 10.727723598683275 
1033000 10.603308572533933 
1034000 10.800825149031713 
1035000 10.995821265213051 
1036000 10.711615619285656 
1037000 10.462786344676973 
1038000 10.598627350858424 
1039000 10.947401637118269 
1040000 10.787372506722317 
1041000 10.95702812658846 
1042000 10.846587581903414 
1043000 10.841106121399017 
1044000 10.840273153982865 
1045000 10.708818537329929 
1046000 11.058356998762898 
1047000 11.114403367523712 
1048000 11.093759731466449 
1049000 10.51715091962641 
1050000 11.393317926118355 
1051000 10.847398898375523 
1052000 10.709168626948943 
1053000 10.786200724433051 
1054000 10.923019726681247 
1055000 10.873206371821844 
1056000 11.020999168628087 
1057000 10.789824933202366 
1058000 10.946820214299013 
1059000 10.874825172466787 
1060000 10.66557576064093 
1061000 10.875539347417828 
1062000 11.000329287016108 
1063000 10.919041134958164 
1064000 11.09420550576519 
1065000 10.750537124609489 
1066000 10.966799683403067 
1067000 11.295530563229224 
1068000 11.377678412596062 
1069000 11.037301926370027 
1070000 10.847561691691837 
1071000 11.066964334892658 
1072000 11.214668847071797 
1073000 10.940203452393437 
1074000 11.014424999786039 
1075000 11.017043650749946 
1076000 10.905274376405128 
1077000 10.877087592651241 
1078000 10.613699502351455 
1079000 11.094370421756311 
1080000 10.881017544482871 
1081000 11.262675479110502 
1082000 11.104058033850277 
1083000 11.044468486447357 
1084000 11.23846292525703 
1085000 11.11485938994509 
1086000 10.898232498531476 
1087000 10.865062208706794 
1088000 10.80917483300954 
1089000 10.996229201435378 
1090000 10.98762097900115 
1091000 11.163980224776207 
1092000 10.980446976608338 
1093000 10.976925592083118 
1094000 11.069959635480581 
1095000 10.905470629756385 
1096000 10.991680095469864 
1097000 10.960006463410759 
1098000 10.811607231302093 
1099000 10.9915096223705 
1100000 11.023641133918824 
1101000 10.955205960272876 
1102000 10.993263598078762 
1103000 11.170096988045247 
1104000 11.141228037754798 
1105000 11.036515968913148 
1106000 11.327080211473188 
1107000 11.218695642423176 
1108000 11.012272846088125 
1109000 11.05624346631729 
1110000 11.126876450431617 
1111000 11.147140224491602 
1112000 10.83743289040178 
1113000 11.047746300048422 
1114000 10.860809092337561 
1115000 10.999668484749678 
1116000 10.750415370911993 
1117000 11.115291772487247 
1118000 10.755966808302011 
1119000 11.026521372608483 
1120000 11.315342257612361 
1121000 10.778102744122322 
1122000 11.23930140015288 
1123000 11.074174640183962 
1124000 11.023684408833477 
1125000 10.893832404426194 
1126000 10.717299936577918 
1127000 10.832943150238293 
1128000 11.029750207702975 
1129000 11.01298645041157 
1130000 11.043669358055713 
1131000 11.131764530501433 
1132000 10.500401470924295 
1133000 10.99956359007163 
1134000 10.785531055249225 
1135000 10.846310944063228 
1136000 10.742428015101206 
1137000 10.781109402040117 
1138000 11.200540043517721 
1139000 11.121855971298313 
1140000 10.773693896139656 
1141000 10.964870180370403 
1142000 10.926175083611811 
1143000 10.841495550762392 
1144000 10.829826823801207 
1145000 10.992812299031783 
1146000 11.18395320284187 
1147000 11.22365539352683 
1148000 10.983117959466066 
1149000 11.190034543760493 
1150000 11.118149322974467 
1151000 11.074868364591705 
1152000 11.375298178089453 
1153000 11.040892347105093 
1154000 11.13785835943281 
1155000 11.644872620265962 
1156000 11.021729294639368 
1157000 11.187443263623516 
1158000 11.30892060928747 
1159000 11.422401935733411 
1160000 11.329740251051927 
1161000 11.590408137266154 
1162000 11.481791164030026 
1163000 11.47144158326324 
1164000 11.408249485082052 
1165000 11.395015553161326 
1166000 11.574771939351452 
1167000 11.747438682358364 
1168000 11.477580765549684 
1169000 11.395987283959489 
1170000 11.069339906491374 
1171000 11.139705640043582 
1172000 11.145526305686612 
1173000 11.29122805342321 
1174000 11.269112774624457 
1175000 11.560761940012743 
1176000 11.667856880065225 
1177000 11.7415351774866 
1178000 11.784217620640527 
1179000 11.869495184459371 
1180000 11.827391378343089 
1181000 11.845726784210363 
1182000 11.758495534783998 
1183000 12.180161915925797 
1184000 11.956063083629067 
1185000 12.213496038305433 
1186000 11.940126122626703 
1187000 11.858361015360835 
1188000 12.166454239092374 
1189000 12.170382691832167 
1190000 11.82924019016055 
1191000 12.226761419651059 
1192000 12.143259032620346 
1193000 12.408573664966841 
1194000 11.825794667916247 
1195000 12.127159896238354 
1196000 12.166763055573231 
1197000 11.983946208889181 
1198000 12.27060751633489 
1199000 12.023154721987014 
1200000 11.72672355233219 
1201000 12.407706767442315 
1202000 12.097394172562868 
1203000 12.156051691170827 
1204000 12.153339025180186 
1205000 12.209271834776883 
1206000 12.08622925817264 
1207000 11.89714457693124 
1208000 12.146736016830909 
1209000 11.731631242630193 
1210000 12.087580206027152 
1211000 12.027021057962322 
1212000 11.991397807716387 
1213000 12.197266630463734 
1214000 11.945970115455733 
1215000 11.823785150469098 
1216000 11.83214432159575 
1217000 11.83873874675881 
1218000 11.976117109537944 
1219000 11.525472456464046 
1220000 11.519548330549977 
1221000 11.677815277345587 
1222000 12.039626384550047 
1223000 11.881141342243504 
1224000 11.768343604083807 
1225000 11.766681815640931 
1226000 11.758175672894327 
1227000 12.132222264651594 
1228000 11.938001378682253 
1229000 11.861855700591855 
1230000 11.847703686746627 
1231000 11.55711167398771 
1232000 11.780290084252105 
1233000 12.167536380159003 
1234000 11.925076659376241 
1235000 12.287079985209228 
1236000 12.221188357381136 
1237000 11.972562377279743 
1238000 11.930539037523614 
1239000 12.322732502596383 
1240000 11.587696989629078 
1241000 11.590813926031815 
1242000 11.748803977201398 
1243000 12.21771024843691 
1244000 11.935154497733448 
1245000 11.795293769222857 
1246000 11.712014714444571 
1247000 12.33716437454843 
1248000 12.252950282129392 
1249000 12.287022241637972 
1250000 12.252031411617269 
1251000 12.217782639957981 
1252000 12.259083822637107 
1253000 12.392792192473108 
1254000 12.482106519729651 
1255000 12.26571116537821 
1256000 12.1722898546975 
1257000 12.199685704054781 
1258000 12.309592006737505 
1259000 11.88993692048327 
1260000 12.000957985359303 
1261000 11.857625542832746 
1262000 12.525860012698883 
1263000 12.33406303756661 
1264000 11.936702000786209 
1265000 12.27198579181893 
1266000 12.021696163235529 
1267000 11.950635856168102 
1268000 12.254328989671844 
1269000 12.341969135912933 
1270000 12.3669142517644 
1271000 12.133184892396113 
1272000 12.271310042306126 
1273000 12.328441490603097 
1274000 12.13173376110584 
1275000 12.08088646403737 
1276000 12.07024726718488 
1277000 12.143770402335015 
1278000 12.290077721561591 
1279000 12.101002781909294 
1280000 12.684600393981501 
1281000 12.802882402176682 
1282000 13.561982068224175 
1283000 12.99079313917775 
1284000 13.254985566327036 
1285000 13.370196923405286 
1286000 13.220850673095837 
1287000 13.084058274850552 
1288000 13.464454659498596 
1289000 13.26212808097745 
1290000 13.252470833632575 
1291000 12.792302194664432 
1292000 12.950522032104617 
1293000 12.626342044032183 
1294000 12.930055145639315 
1295000 12.759380331342959 
1296000 13.336360157523583 
1297000 13.152644211371303 
1298000 12.783580106209882 
1299000 12.626973305519101 
1300000 13.17501110649495 
1301000 12.969732308903266 
1302000 12.958460869743465 
1303000 12.510896727616338 
1304000 12.880007289407713 
1305000 12.489596540337455 
1306000 12.777705225938568 
1307000 12.94727869194082 
1308000 12.938376581666226 
1309000 12.926767575528975 
1310000 12.782107201198377 
1311000 12.792007606085482 
1312000 12.506185122304903 
1313000 12.482829268720218 
1314000 12.484644179511248 
1315000 12.450091502667322 
1316000 12.316701705032475 
1317000 12.63032675082981 
1318000 12.831882384058499 
1319000 12.868902746214781 
1320000 12.683832445561348 
1321000 12.710603426438698 
1322000 12.802761131118062 
1323000 12.67448595689012 
1324000 12.61320919932394 
1325000 12.638454781367766 
1326000 12.832142930576996 
1327000 12.911042887933384 
1328000 12.852295144935942 
1329000 12.842196609291685 
1330000 12.385222682603407 
1331000 12.880370190351133 
1332000 12.929262588975813 
1333000 13.269601469040753 
1334000 13.026289772577703 
1335000 13.253808828978107 
1336000 12.731963401928638 
1337000 13.022927398762388 
1338000 12.730766249867685 
1339000 13.198801525925322 
1340000 12.806320109557559 
1341000 13.151199458818477 
1342000 13.0333776648894 
1343000 13.309502009751178 
1344000 13.010758156143519 
1345000 12.813003554411784 
1346000 12.592377953900785 
1347000 12.560086923489779 
1348000 12.724925171296778 
1349000 12.365779050662569 
1350000 12.796033823516701 
1351000 12.328014699211057 
1352000 12.605086569822582 
1353000 12.92411463922839 
1354000 12.039340398185807 
1355000 12.831098250977927 
1356000 12.837352481304189 
1357000 13.014458817591533 
1358000 12.506634898904954 
1359000 12.732552355138946 
1360000 12.583033222463968 
1361000 12.837792787652484 
1362000 12.966552893126842 
1363000 12.844699301611294 
1364000 13.150254232679881 
1365000 13.421653350220387 
1366000 13.384390130523585 
1367000 13.314182676386569 
1368000 13.402715991931096 
1369000 12.987845133446642 
1370000 13.021952083949774 
1371000 13.209375952156002 
1372000 13.255058778262347 
1373000 13.428953030419365 
1374000 13.19026501138515 
1375000 13.269190031327403 
1376000 13.198932363950329 
1377000 13.57748999224266 
1378000 13.127319887849406 
1379000 13.208311746287023 
1380000 13.2951272869597 
1381000 13.41957307229698 
1382000 13.65326237882493 
1383000 13.46334598917942 
1384000 13.55328205424317 
1385000 13.628071145380526 
1386000 13.663110956050737 
1387000 13.484884163859238 
1388000 14.024883271160162 
1389000 13.620863703630745 
1390000 13.581762791603369 
1391000 13.705847475363656 
1392000 14.04834839203991 
1393000 13.789936195303321 
1394000 13.690490416713914 
1395000 13.798060917409671 
1396000 14.07676576944792 
1397000 13.911224478179978 
1398000 14.092924586822395 
1399000 13.707581873027761 
1400000 13.928536039207202 
1401000 13.459647927110215 
1402000 13.872006029596628 
1403000 13.78009434241293 
1404000 13.868471784143944 
1405000 14.217269716912591 
1406000 13.821515180217526 
1407000 13.866040456382711 
1408000 13.98394647682001 
1409000 14.018517051028171 
1410000 13.514431305898261 
1411000 13.641237970906928 
1412000 13.909201542354785 
1413000 13.791121502469373 
1414000 13.53956800440711 
1415000 14.158525672804757 
1416000 13.419631306083957 
1417000 13.774807963268444 
1418000 13.830608864636014 
1419000 14.045521385616183 
1420000 14.017053751480534 
1421000 14.260257076747108 
1422000 13.945341913586425 
1423000 14.260688019700323 
1424000 14.056374735559606 
1425000 14.177497309176523 
1426000 13.957757787520013 
1427000 14.362648741308389 
1428000 14.00966033831356 
1429000 13.948231096525491 
1430000 14.456984652613516 
1431000 14.382607778863198 
1432000 14.646944879661524 
1433000 14.198730689570958 
1434000 14.175133169900404 
1435000 14.378383242029305 
1436000 14.379294352949815 
1437000 14.360954329931433 
1438000 14.287626728621936 
1439000 14.37610074773651 
1440000 14.651258739004607 
1441000 14.66504892276957 
1442000 14.551826796198906 
1443000 14.837552956859195 
1444000 14.953277094152135 
1445000 15.158588174499286 
1446000 14.705141010830685 
1447000 14.890453990111364 
1448000 15.165560720146255 
1449000 14.851990465879725 
1450000 14.88309664795494 
1451000 14.771687323918076 
1452000 14.896308876615658 
1453000 14.71853035144009 
1454000 14.806949954890593 
1455000 14.723865778293908 
1456000 14.574769924955481 
1457000 14.54735671486454 
1458000 14.647275406501185 
1459000 14.430192144734129 
1460000 14.62872853127296 
1461000 14.713416000855744 
1462000 14.486338916349355 
1463000 14.523548122803044 
1464000 14.784492569623179 
1465000 14.552269876038476 
1466000 14.44445021820932 
1467000 14.411132791476588 
1468000 14.668221158529127 
1469000 14.747604470179217 
1470000 14.640967874851132 
1471000 14.99113421257536 
1472000 14.549802927169289 
1473000 14.37396465920961 
1474000 14.508402016281279 
1475000 14.542753064479625 
1476000 14.517944203593798 
1477000 14.38237969985289 
1478000 14.935410546824796 
1479000 14.804602500895006 
1480000 14.327466574339443 
1481000 14.421239393223528 
1482000 14.526035353467083 
1483000 14.372216439924564 
1484000 14.751717275114498 
1485000 14.74872810909535 
1486000 14.636215974010138 
1487000 14.227552784469408 
1488000 14.4096176800175 
1489000 14.602867867176023 
1490000 14.511503915093167 
1491000 14.612352302497394 
1492000 14.598825072457938 
1493000 14.364189001176864 
1494000 14.408566633737074 
1495000 14.571183528354421 
1496000 14.266879742437322 
1497000 14.577873100574708 
1498000 14.96702232962362 
1499000 14.942208025935562 
1500000 15.117225971999064 
1501000 14.936283768314976 
1502000 15.291699742658166 
1503000 15.106622808987877 
1504000 14.990814215086463 
1505000 14.931208239248596 
1506000 15.144377452686435 
1507000 15.24278923867601 
1508000 15.166779848103246 
1509000 15.391008398261487 
1510000 15.185623267273273 
1511000 15.562751886349233 
1512000 15.067856628779651 
1513000 15.436275409694778 
1514000 15.053697216038191 
1515000 15.280354308082284 
1516000 15.68094711241262 
1517000 15.62104563741193 
1518000 15.426210803536407 
1519000 15.705691988026205 
1520000 15.352117852092851 
1521000 15.762169291225247 
1522000 15.369848524911204 
1523000 15.15638616913965 
1524000 15.822671835219225 
1525000 15.58378421876022 
1526000 15.697815752847156 
1527000 15.15237516827172 
1528000 15.326416872832414 
1529000 15.689263946825562 
1530000 15.352101423998311 
1531000 15.856721505416981 
1532000 15.672293025402338 
1533000 15.40998897261125 
1534000 15.524492785697943 
1535000 15.771655462216403 
1536000 15.451845664489737 
1537000 15.60257144682414 
1538000 15.765685659204063 
1539000 15.888289355601046 
1540000 15.769531754603149 
1541000 15.68072520503362 
1542000 15.55241210743242 
1543000 15.378115616706742 
1544000 15.831522181543859 
1545000 15.656108809459012 
1546000 15.557224799584645 
1547000 15.774534406995366 
1548000 15.693685320284054 
1549000 15.348256775337092 
1550000 15.669967502579157 
1551000 15.272068435839005 
1552000 15.727405285175173 
1553000 15.876563805872143 
1554000 15.593373784926353 
1555000 15.806439389120934 
1556000 15.750857389066459 
1557000 15.412494725514703 
1558000 15.511723387972852 
1559000 15.754494258036301 
1560000 15.560456548890425 
1561000 15.687604593617607 
1562000 15.728115042448099 
1563000 15.58062191599849 
1564000 15.529354416272648 
1565000 15.65304778389636 
1566000 15.906217231058422 
1567000 15.740347688279849 
1568000 15.496827059468492 
1569000 16.173663862454557 
1570000 16.161563735867606 
1571000 16.093627975170314 
1572000 15.938116848849267 
1573000 15.904082892022062 
1574000 15.85821085120809 
1575000 15.881332864737784 
1576000 15.582541573953455 
1577000 15.54900681997848 
1578000 15.685061246237591 
1579000 15.340804410424584 
1580000 15.425518290843684 
1581000 15.577696675849234 
1582000 15.875917465039423 
1583000 15.751054747010036 
1584000 15.062388932515141 
1585000 15.280919006963632 
1586000 15.54925142909885 
1587000 15.740814822152284 
1588000 15.91373624020469 
1589000 15.82205114687843 
1590000 15.860864903945165 
1591000 15.614571759778523 
1592000 15.203433151192394 
1593000 15.419896767934478 
1594000 15.69833478051761 
1595000 15.481482979166461 
1596000 15.510803114007544 
1597000 15.592005019953735 
1598000 15.404641405234374 
1599000 15.818350890752013 
1600000 15.301826807998054 
1601000 15.38989148269296 
1602000 15.648168086806509 
1603000 15.242379653663855 
1604000 15.173722054862518 
1605000 15.442376365199607 
1606000 15.571471559407465 
1607000 15.36458757733301 
1608000 15.62462224887286 
1609000 15.553382442211754 
1610000 15.658953962412333 
1611000 16.181801784600125 
1612000 15.855110853932334 
1613000 15.613506095897256 
1614000 15.316710030999793 
1615000 15.33222672276167 
1616000 15.336356773015687 
1617000 15.082920407152928 
1618000 15.295855833395654 
1619000 15.285255947269416 
1620000 15.214886846114906 
1621000 15.160496847638155 
1622000 14.962716423818643 
1623000 14.80124325438263 
1624000 14.946315479759946 
1625000 15.006065833183948 
1626000 15.330639164898635 
1627000 15.350296339653998 
1628000 15.218949406301713 
1629000 15.518437381571648 
1630000 15.315738940809261 
1631000 15.668661813532694 
1632000 15.191822071757473 
1633000 15.097594557855997 
1634000 15.750972088153702 
1635000 15.137419351840732 
1636000 15.491093944820587 
1637000 15.471003984643003 
1638000 14.90242652009003 
1639000 15.630336631102908 
1640000 15.201450286926356 
1641000 15.601086125145361 
1642000 15.119203444472975 
1643000 15.241821962334916 
1644000 15.492622321516233 
1645000 15.436212589419114 
1646000 15.579028849989399 
1647000 15.501264365306142 
1648000 15.588292687544648 
1649000 16.206428810955735 
1650000 15.865549693861768 
1651000 15.42327602068327 
1652000 15.355588555511373 
1653000 15.467276177140038 
1654000 15.841444237717502 
1655000 15.751015214679592 
1656000 15.529125532725029 
1657000 15.904733919302226 
1658000 15.718955319791718 
1659000 15.764806307104148 
1660000 15.688684535863722 
1661000 15.541250496057764 
1662000 15.454219473334692 
1663000 15.459986837285827 
1664000 15.882682155482712 
1665000 15.870701256074575 
1666000 15.749741168252854 
1667000 15.499964021972609 
1668000 15.344263459071184 
1669000 15.4817438879049 
1670000 15.419534462353795 
1671000 15.583176076379196 
1672000 15.593124890165164 
1673000 15.265094826981937 
1674000 15.12168311454645 
1675000 15.72403833248612 
1676000 15.36978312222101 
1677000 15.416364944893477 
1678000 15.627596826647997 
1679000 15.592341434183732 
1680000 15.53912555806059 
1681000 15.49699614181699 
1682000 15.873477540019108 
1683000 15.767994001429829 
1684000 15.499414244802438 
1685000 15.9593761135241 
1686000 16.159129692222606 
1687000 15.675240356246364 
1688000 15.683434354968545 
1689000 15.949028061692239 
1690000 16.013858468643804 
1691000 15.835983659287821 
1692000 15.835739261545145 
1693000 15.97084396257769 
1694000 15.88144507565094 
1695000 16.07470893193287 
1696000 15.872527113751893 
1697000 15.650513193574975 
1698000 16.126841153723458 
1699000 15.6517174866677 
1700000 15.388971470693942 
1701000 16.389510563745812 
1702000 16.017736980828374 
1703000 15.711456812837836 
1704000 15.900791864032067 
1705000 15.892975555306847 
1706000 15.446307783995644 
1707000 15.955674993829552 
1708000 15.480098685390207 
1709000 15.776180890230943 
1710000 15.652739009960264 
1711000 15.516136082551698 
1712000 15.85494931150714 
1713000 15.428201389065412 
1714000 15.83481723395438 
1715000 15.610224934742938 
1716000 15.524171409658193 
1717000 15.687168188923692 
1718000 16.00686544508541 
1719000 16.005176110831805 
1720000 16.181869640262814 
1721000 16.059288318839005 
1722000 15.865491671294953 
1723000 15.828454168170492 
1724000 16.04820965417211 
1725000 15.47645002538435 
1726000 15.89566589234931 
1727000 16.51563224306814 
1728000 16.16125101627691 
1729000 16.166185618649276 
1730000 16.1282927489141 
1731000 16.225373415803197 
1732000 16.9053995004077 
1733000 16.41083831806414 
1734000 16.847687914151077 
1735000 17.053116146779153 
1736000 16.74491754348106 
1737000 16.805748277094153 
1738000 16.53483128691375 
1739000 17.17395114461589 
1740000 16.76041053780665 
1741000 16.501412829267377 
1742000 16.781121131282095 
1743000 16.27330836859361 
1744000 16.829820618334654 
1745000 17.53656426836959 
1746000 17.155674264876886 
1747000 17.125178826007904 
1748000 17.285895128581412 
1749000 17.064551225776906 
1750000 17.157818680097595 
1751000 17.278560777382516 
1752000 16.837228088728082 
1753000 16.73130749163219 
1754000 16.04902195221812 
1755000 15.951920237313837 
1756000 16.475256275638717 
1757000 15.692085496602799 
1758000 15.934602612945465 
1759000 16.124932108829558 
1760000 16.11659819002551 
1761000 16.0277563417143 
1762000 15.978401944517232 
1763000 15.933326705671885 
1764000 15.997711877025104 
1765000 16.337640255574733 
1766000 16.03906903273593 
1767000 16.56047323085923 
1768000 15.896585370066173 
1769000 15.636006382471619 
1770000 15.814657697410176 
1771000 15.695241034694533 
1772000 15.872447284662732 
1773000 16.045214563835863 
1774000 15.510198295655005 
1775000 15.469527751564788 
1776000 15.421502681629812 
1777000 15.96836011317915 
1778000 15.802827019819457 
1779000 15.57038578555041 
1780000 15.940244614905717 
1781000 15.875166067673462 
1782000 15.899514968553849 
1783000 16.129145655434638 
1784000 16.312199959883714 
1785000 15.461017519047465 
1786000 15.780662889352753 
1787000 15.451457336322756 
1788000 15.855378855182238 
1789000 15.894319641861424 
1790000 16.000912657596384 
1791000 15.88893151215334 
1792000 15.844525806479163 
1793000 15.806183133450773 
1794000 16.117622805055312 
1795000 15.908935984687451 
1796000 15.817815090078334 
1797000 15.839063515126956 
1798000 15.921748234466687 
1799000 16.040309358190612 
1800000 15.835717662826264 
1801000 16.239483420648874 
1802000 15.76664313748691 
1803000 15.613174169929367 
1804000 15.699500231199607 
1805000 16.162907533243526 
1806000 15.931870129411172 
1807000 15.786582985573713 
1808000 15.925381571316874 
1809000 16.412948624167598 
1810000 15.92584770771837 
1811000 16.118824651845177 
1812000 16.39629902746995 
1813000 16.758293322109406 
1814000 16.611159168994426 
1815000 16.428769753312174 
1816000 16.552850335550577 
1817000 16.871763593407735 
1818000 16.309421724576524 
1819000 16.824666483338095 
1820000 16.668857830174282 
1821000 16.279766217720148 
1822000 16.57230240026205 
1823000 16.95242946419911 
1824000 16.87597271984129 
1825000 16.912375476757063 
1826000 16.491687579981697 
1827000 16.92984920529695 
1828000 16.327983971950694 
1829000 16.54990336230239 
1830000 16.99072617609008 
1831000 16.73868435177289 
1832000 17.09301146877854 
1833000 16.568455203526607 
1834000 16.68173057108481 
1835000 16.89590953145969 
1836000 17.033507483370236 
1837000 16.992588294054087 
1838000 16.776627666613855 
1839000 16.84132891019529 
1840000 17.267351003955028 
1841000 16.605331936978047 
1842000 16.764407680611445 
1843000 17.318350144821736 
1844000 17.025499505195206 
1845000 17.357557769305885 
1846000 16.89741317142329 
1847000 17.058200022131302 
1848000 17.086800895844792 
1849000 17.02437617659287 
1850000 16.96106156402864 
1851000 16.806829634395456 
1852000 16.908198786620005 
1853000 17.11952830105069 
1854000 16.792126490539406 
1855000 16.94047300125223 
1856000 16.958389121636376 
1857000 16.874516109348566 
1858000 17.208460347780807 
1859000 17.2983875963452 
1860000 17.05434390008553 
1861000 17.060902254275145 
1862000 17.199619090469447 
1863000 17.225748293269245 
1864000 17.447453399201375 
1865000 17.033119239869304 
1866000 16.84335893057142 
1867000 17.16609565292867 
1868000 17.142054744667227 
1869000 17.139830515343164 
1870000 17.522713974157718 
1871000 17.108570408261155 
1872000 16.832010478911123 
1873000 17.483056818846606 
1874000 17.08488812003099 
1875000 16.856780836905088 
1876000 17.521665369785087 
1877000 17.230063498625384 
1878000 17.160046253838207 
1879000 17.27732195578202 
1880000 16.860196250745332 
1881000 16.972137133925653 
1882000 17.024495554460056 
1883000 17.013154688904713 
1884000 16.6256915197184 
1885000 17.21190452602704 
1886000 17.22553186095551 
1887000 16.782494011846495 
1888000 17.102842021032245 
1889000 16.79973040738324 
1890000 17.12940086947199 
1891000 17.23105494141003 
1892000 17.21721805298011 
1893000 17.213353890700912 
1894000 16.88572669939267 
1895000 17.29406789814265 
1896000 17.21960554713135 
1897000 17.45583763978779 
1898000 16.982909903358557 
1899000 17.45525197621189 
1900000 16.835629483409964 
1901000 17.154290455719213 
1902000 17.246113763908212 
1903000 16.992073701816583 
1904000 17.219854510796782 
1905000 17.017267539036105 
1906000 17.312722616021876 
1907000 17.25218290290132 
1908000 16.809885296792856 
1909000 17.26502846993334 
1910000 17.00938746995909 
1911000 16.62222607807865 
1912000 17.324684483456267 
1913000 16.67811933864354 
1914000 16.706756169314207 
1915000 17.003497793000694 
1916000 16.87440019329776 
1917000 16.8173308368146 
1918000 16.54238702204315 
1919000 17.094849659796267 
1920000 17.16274489171744 
1921000 17.075485677178083 
1922000 16.864388323956977 
1923000 16.77677001873923 
1924000 17.238010311401897 
1925000 17.333569680929152 
1926000 17.502019571949724 
1927000 17.49604974528425 
1928000 17.326958877687556 
1929000 17.327537250952933 
1930000 17.431324574821076 
1931000 17.622015853641386 
1932000 17.570450974985864 
1933000 17.839461076015986 
1934000 17.590292917436134 
1935000 17.379314115564647 
1936000 17.135026558342595 
1937000 17.484088838684425 
1938000 17.279387604808434 
1939000 16.92785809813609 
1940000 17.02672902145769 
1941000 16.915505318573995 
1942000 17.043196093780864 
1943000 16.631300709098056 
1944000 17.329872747183806 
1945000 17.558069147256603 
1946000 16.92006507763058 
1947000 17.198806266085676 
1948000 17.182691498338418 
1949000 17.226332728465884 
1950000 17.03040003992326 
1951000 16.408898036335714 
1952000 16.58009546486404 
1953000 16.35188827415179 
1954000 16.93615494663383 
1955000 16.43353676060378 
1956000 16.540173323093754 
1957000 16.844256635690467 
1958000 16.363735789995573 
1959000 16.77296301539347 
1960000 17.18381664369428 
1961000 16.459767266948695 
1962000 16.610425391512965 
1963000 16.441320737883842 
1964000 16.703603094459904 
1965000 16.450235551260377 
1966000 16.81353978270545 
1967000 16.755904560913486 
1968000 16.63818257894972 
1969000 16.535105612510204 
1970000 17.085289883170397 
1971000 16.786707854967023 
1972000 17.490644722818185 
1973000 17.10463063108777 
1974000 17.126791727612865 
1975000 16.677771533215516 
1976000 16.816492341644707 
1977000 16.954542729462293 
1978000 16.781019970169808 
1979000 17.227216396673214 
1980000 16.70991443444214 
1981000 16.93607517626301 
1982000 16.84039438533506 
1983000 16.838843494185404 
1984000 17.32472028454462 
1985000 16.799210736784232 
1986000 17.265158482344273 
1987000 16.772329430704456 
1988000 16.908865820205378 
1989000 16.52142153418717 
1990000 16.828329234773086 
1991000 16.714318249190363 
1992000 17.18351280895813 
1993000 16.901130862406642 
1994000 16.657776814630406 
1995000 16.781508337116335 
1996000 17.111753605730573 
1997000 16.730279511999495 
1998000 16.921893458556635 
1999000 16.759108744601413 
2000000 16.854296168271397 
2001000 17.09376279455188 
2002000 16.906092665078216 
2003000 17.002420763722682 
2004000 16.501560975814606 
2005000 16.750598580392392 
2006000 16.922692288486807 
2007000 16.970074647331675 
2008000 17.365527780183985 
2009000 17.21736450745541 
2010000 16.940134788163434 
2011000 17.135349002856678 
2012000 17.434742784407646 
2013000 17.52513561474482 
2014000 16.860505820764235 
2015000 17.106402664827936 
2016000 17.00430092417823 
2017000 16.859701482665628 
2018000 17.628850560283556 
2019000 16.869266590829977 
2020000 16.720206204850978 
2021000 16.8427532919481 
2022000 17.19872750816924 
2023000 16.674131710482275 
2024000 17.155759064226537 
2025000 17.364711275772564 
2026000 17.397065492406117 
2027000 17.058285478746043 
2028000 16.690980102089807 
2029000 17.089240549876624 
2030000 17.38103541823343 
2031000 16.6820928134621 
2032000 16.800701798331236 
2033000 17.13353606096148 
2034000 17.070751036853974 
2035000 16.88116769866339 
2036000 16.825503133331996 
2037000 16.71630122156155 
2038000 17.1991605031065 
2039000 16.96702415724156 
2040000 16.875798128526075 
2041000 16.82157804778033 
2042000 16.615501708743373 
2043000 17.08935719195353 
2044000 16.77538575425793 
2045000 17.15112496497917 
2046000 17.489749882595902 
2047000 17.04848811301303 
2048000 17.20323934017676 
2049000 16.964752529746185 
2050000 16.93423466635502 
2051000 17.14680181312118 
2052000 16.974159578644358 
2053000 16.704016848454433 
2054000 16.9550444768585 
2055000 17.446257397717197 
2056000 16.72972935574969 
2057000 16.947787406356532 
2058000 17.079235802045588 
2059000 17.154985790294614 
2060000 16.92366677846354 
2061000 17.53761061631955 
2062000 17.46626332302816 
2063000 17.96810638693918 
2064000 17.657815484537686 
2065000 17.684121217468697 
2066000 17.277656340920416 
2067000 17.63395898756451 
2068000 17.59688485629254 
2069000 17.94864923806237 
2070000 18.030719511767874 
2071000 17.867773988651 
2072000 17.94984559728676 
2073000 17.333139885706142 
2074000 17.74979791722021 
2075000 17.662671885301826 
2076000 17.821476230133758 
2077000 17.78644219338636 
2078000 17.792413790176692 
2079000 18.0115202136633 
2080000 18.102544683997678 
2081000 17.465839189694353 
2082000 17.508339749974702 
2083000 17.900836609060242 
2084000 18.0117747857348 
2085000 17.923392533083586 
2086000 17.709045038582754 
2087000 17.56809000208489 
2088000 18.148565897957244 
2089000 17.7605324589918 
2090000 18.366423530343404 
2091000 17.99678616917475 
2092000 18.265965880697998 
2093000 17.598568359084037 
2094000 17.732043054683583 
2095000 17.75475111894237 
2096000 18.136365900804964 
2097000 17.49391707326883 
2098000 17.801326126932338 
2099000 17.382555905592305 
2100000 17.219861927160597 
