# "Timestep" "MSD"
100000 0 
101000 0.10668993870740733 
102000 0.08552182977777788 
103000 0.1326151490814814 
104000 0.11166737028518521 
105000 0.12054369778518516 
106000 0.1128552777518518 
107000 0.10966797455185194 
108000 0.12302978860000009 
109000 0.12972450155925921 
110000 0.16145416158888887 
111000 0.1701142365888889 
112000 0.11182201725555546 
113000 0.1286088729222222 
114000 0.1290216772925926 
115000 0.16760071429629625 
116000 0.1572060254333333 
117000 0.1630826818037038 
118000 0.14231262112592594 
119000 0.14101950270000008 
120000 0.15737974857037038 
121000 0.137723088962963 
122000 0.1582104353037037 
123000 0.1591906645777778 
124000 0.12494071030000005 
125000 0.12199364260000001 
126000 0.16447190131481476 
127000 0.14519760088148145 
128000 0.12495364095925926 
129000 0.16496425194444445 
130000 0.11412194910370382 
131000 0.1797400025518518 
132000 0.16851208345555546 
133000 0.19162151292962973 
134000 0.16260747285925944 
135000 0.1865811111925926 
136000 0.15355429795925932 
137000 0.204946518225926 
138000 0.17879346551111125 
139000 0.19421191408518523 
140000 0.1466594719740742 
141000 0.2080763005222222 
142000 0.1802031521333335 
143000 0.2001141470000001 
144000 0.18720830944444453 
145000 0.1912272949592593 
146000 0.2119250408555556 
147000 0.21127687945925935 
148000 0.23408875223333359 
149000 0.21359979370000007 
150000 0.17675349241111124 
151000 0.1932999066407408 
152000 0.1759081854111112 
153000 0.17142874929259264 
154000 0.22570354455925934 
155000 0.22617113428148153 
156000 0.20401864685925927 
157000 0.1917526567296297 
158000 0.19127350035185203 
159000 0.20812941486296305 
160000 0.2184269566814814 
161000 0.2116415782666669 
162000 0.16714222831111136 
163000 0.21410358745555558 
164000 0.17658552231111102 
165000 0.22616043098148159 
166000 0.18801199870000004 
167000 0.21847798572962962 
168000 0.155789533962963 
169000 0.24989578029629642 
170000 0.21933842105185186 
171000 0.25716689412592597 
172000 0.23792576181851863 
173000 0.1407424764 
174000 0.16758727407777774 
175000 0.18395360978148148 
176000 0.17542694346666665 
177000 0.1863292731518518 
178000 0.16416905927037034 
179000 0.1446461381444444 
180000 0.23175068744074068 
181000 0.15835091614444444 
182000 0.15705313112962974 
183000 0.14262947247407412 
184000 0.2002432938185186 
185000 0.17012605091111113 
186000 0.16595862649629628 
187000 0.12784431198888896 
188000 0.16618613016296294 
189000 0.1711107254333333 
190000 0.18364964707777787 
191000 0.1906938900666668 
192000 0.1558989719777778 
193000 0.1728631389444445 
194000 0.16985919298148153 
195000 0.1339737953555556 
196000 0.1487701750222223 
197000 0.18038843363333334 
198000 0.14611237656666662 
199000 0.15085389112222225 
200000 0.16912178945555562 
201000 0.2388515299259259 
202000 0.20008426793333337 
203000 0.19096536053703717 
204000 0.19122614529629636 
205000 0.1850402352703704 
206000 0.19801896134814834 
207000 0.2025119197999999 
208000 0.14458220907407407 
209000 0.16155108361481502 
210000 0.1853364105296296 
211000 0.1912608974074074 
212000 0.16252053957037052 
213000 0.17346405152962965 
214000 0.1483842837074075 
215000 0.17744689723703713 
216000 0.1745184287703705 
217000 0.15691397267037055 
218000 0.17213216203333342 
219000 0.17732708162592592 
220000 0.22948550844444443 
221000 0.173802179225926 
222000 0.1792628943592593 
223000 0.1738331892037038 
224000 0.20047480430370376 
225000 0.15949735000370385 
226000 0.18704850276296311 
227000 0.17915821389259254 
228000 0.2193942599037038 
229000 0.216862084688889 
230000 0.24628524152592593 
231000 0.1590564105111112 
232000 0.22525943307777788 
233000 0.19938276254444437 
234000 0.1731485992592594 
235000 0.1462122553703703 
236000 0.19528520002222208 
237000 0.16023355494444438 
238000 0.18365398908148148 
239000 0.12687578823333331 
240000 0.13056559669999998 
241000 0.18307473143333344 
242000 0.13114441212222236 
243000 0.24052147427777795 
244000 0.19422948241851867 
245000 0.1806478621407408 
246000 0.18529633826296307 
247000 0.16291976229259272 
248000 0.20125695829629636 
249000 0.2081366162111113 
250000 0.2222621508851853 
251000 0.19157117515555566 
252000 0.20166106508148143 
253000 0.2052679498000001 
254000 0.22636294659259273 
255000 0.18751307797407413 
256000 0.1703356757000001 
257000 0.19612126426666676 
258000 0.2071204572703704 
259000 0.18176602560740743 
260000 0.14710016942962975 
261000 0.20097294063703716 
262000 0.2344091722222222 
263000 0.1600512016592593 
264000 0.17170313124814818 
265000 0.14785870586666675 
266000 0.19854804887407412 
267000 0.20674849301481485 
268000 0.20425149363703718 
269000 0.18482066649629628 
270000 0.25286750023703713 
271000 0.19052565113333328 
272000 0.18931466277037046 
273000 0.1863748150481482 
274000 0.16275127507777776 
275000 0.15395631556666667 
276000 0.2547816151740742 
277000 0.22484373753703718 
278000 0.2102303634000002 
279000 0.22796025492222224 
280000 0.17527609094444452 
281000 0.20521451954444453 
282000 0.16689616856296297 
283000 0.16741999538888894 
284000 0.2175388744000001 
285000 0.1911063921111111 
286000 0.2060860289814815 
287000 0.2366704090333334 
288000 0.20435234028888893 
289000 0.22700529922962986 
290000 0.21271286114074087 
291000 0.20085635950740754 
292000 0.19194621976666662 
293000 0.24209881874814823 
294000 0.20583890051481482 
295000 0.18697401990000007 
296000 0.21766854315925924 
297000 0.19035861010740748 
298000 0.16929376295555562 
299000 0.20151181078148153 
300000 0.2100482997333333 
301000 0.19638562419259264 
302000 0.16050470669259273 
303000 0.23027688622592604 
304000 0.23383684810370367 
305000 0.1770446377333333 
306000 0.18266112358148162 
307000 0.16868799914814828 
308000 0.19029786885925948 
309000 0.20961528126666676 
310000 0.23558177501481478 
311000 0.21853964474444448 
312000 0.21598069251111107 
313000 0.1821680365851852 
314000 0.20221943291851852 
315000 0.22414371882222234 
316000 0.1957310905814815 
317000 0.17847368213703702 
318000 0.1874573047481482 
319000 0.14451761247037045 
320000 0.18693660817777774 
321000 0.202755953951852 
322000 0.157201880162963 
323000 0.1856668904111111 
324000 0.2310630477444445 
325000 0.15128654555925933 
326000 0.1595176440407408 
327000 0.1842300435703703 
328000 0.2075432262518518 
329000 0.2087109000666667 
330000 0.17139521180000017 
331000 0.1747450563962962 
332000 0.15909530318148152 
333000 0.15745617600740744 
334000 0.1663112715666667 
335000 0.16304758241111109 
336000 0.17399275955925925 
337000 0.2030877178407407 
338000 0.14018895365555556 
339000 0.16473552525925933 
340000 0.18517576355555557 
341000 0.16482545919259264 
342000 0.20983775986296302 
343000 0.16679718788148165 
344000 0.23222577354074062 
345000 0.19276457110740744 
346000 0.20600101470370374 
347000 0.17725897580740746 
348000 0.20226800045185195 
349000 0.20352892041851864 
350000 0.1554477016074075 
351000 0.2103056723481482 
352000 0.1981845422703703 
353000 0.20039846547407425 
354000 0.2149538526518519 
355000 0.17876334704074068 
356000 0.21512231689259262 
357000 0.219236369537037 
358000 0.2129437312666667 
359000 0.15831560662592603 
360000 0.1738879404962963 
361000 0.15649704648888896 
362000 0.1883605136296296 
363000 0.2176049318555555 
364000 0.17338370382222226 
365000 0.18337259056666663 
366000 0.21150728018148168 
367000 0.1990176192259259 
368000 0.20221453996296293 
369000 0.1786443841444444 
370000 0.22169479866296304 
371000 0.19471509277407412 
372000 0.21636228511481476 
373000 0.16677939027777777 
374000 0.16337620550370383 
375000 0.17849812950000002 
376000 0.13398967285185176 
377000 0.1590471380185184 
378000 0.132228197337037 
379000 0.16618339460370368 
380000 0.14536401417037034 
381000 0.15968519801851855 
382000 0.14141775455555552 
383000 0.16490296270000007 
384000 0.14127410783333327 
385000 0.1622876314296297 
386000 0.20262408017037037 
387000 0.14210557580740735 
388000 0.15617823544814818 
389000 0.17018246262592587 
390000 0.15335982958888902 
391000 0.16037882538518516 
392000 0.14603986028148144 
393000 0.17795051949629614 
394000 0.1359502017111111 
395000 0.1164924743148149 
396000 0.17433887367777776 
397000 0.184085986462963 
398000 0.16099289925555554 
399000 0.1296905871 
400000 0.13480091099259256 
401000 0.15015380462222225 
402000 0.14437566930370382 
403000 0.17165091667407403 
404000 0.17753914152222242 
405000 0.1764167408999999 
406000 0.1279028879074073 
407000 0.20564755695925924 
408000 0.15144769354444443 
409000 0.1877991845962963 
410000 0.15676058269629647 
411000 0.16229284561111113 
412000 0.17212475485185205 
413000 0.21861541409259266 
414000 0.16665622487777793 
415000 0.21026306155185187 
416000 0.13675545575925932 
417000 0.15155874478518513 
418000 0.23978298152592603 
419000 0.18597216887037035 
420000 0.1827456555111112 
421000 0.1720543267185185 
422000 0.2198797173259259 
423000 0.1928468413037036 
424000 0.16562050539259265 
425000 0.18154113062962962 
426000 0.16877968834074067 
427000 0.1909787805481481 
428000 0.2153276529037037 
429000 0.2050635793296297 
430000 0.2009537415037038 
431000 0.21771618930000006 
432000 0.18718601526666673 
433000 0.19307667256666666 
434000 0.20000112224814812 
435000 0.1575054347407408 
436000 0.16606216953333333 
437000 0.18748361568888885 
438000 0.16447642482222216 
439000 0.17924116791851852 
440000 0.14321333881111112 
441000 0.2230401516740741 
442000 0.18070655582962966 
443000 0.19052461267037052 
444000 0.19352574800370376 
445000 0.17072084917037036 
446000 0.14830786300740742 
447000 0.1799198611259259 
448000 0.25844963467037024 
449000 0.1976376638296296 
450000 0.21731197344444453 
451000 0.1880957947074075 
452000 0.18961551212592603 
453000 0.2293927520814815 
454000 0.18216995561111127 
455000 0.20717018297777795 
456000 0.19753313100740758 
457000 0.19782757428518516 
458000 0.20691810874444444 
459000 0.21391582472222215 
460000 0.1959089418185185 
461000 0.19105729930370371 
462000 0.22016190868888888 
463000 0.19664890987037043 
464000 0.21525351868888898 
465000 0.19751937877037026 
466000 0.2151757542666667 
467000 0.22442552463333343 
468000 0.19844843390370379 
469000 0.21604662937407404 
470000 0.20305790568518514 
471000 0.19287697875925924 
472000 0.1915079614444444 
473000 0.19291230320370367 
474000 0.2451949450333333 
475000 0.28002270242962957 
476000 0.23917266319629624 
477000 0.2470900270074075 
478000 0.2327889353037038 
479000 0.21627524991851851 
480000 0.2437272069888889 
481000 0.2457701452185185 
482000 0.2790552091407409 
483000 0.2854490105666666 
484000 0.23704519558148143 
485000 0.2193328347259259 
486000 0.26492690415555564 
487000 0.23873059028148164 
488000 0.2367923445962962 
489000 0.22125930007407396 
490000 0.24380157027037044 
491000 0.25113639677777777 
492000 0.20024929694074067 
493000 0.21689443679999998 
494000 0.2604050117185186 
495000 0.2443146343111111 
496000 0.20694815094814809 
497000 0.2897154484481481 
498000 0.2426750085703705 
499000 0.20395043600370363 
500000 0.23651492519259257 
501000 0.24809000202222217 
502000 0.2240606003407408 
503000 0.19601753374814818 
504000 0.2146085104444444 
505000 0.2317637117444444 
506000 0.23669716668518526 
507000 0.2119626449037037 
508000 0.21213023571481482 
509000 0.25038403502592604 
510000 0.24358383677407397 
511000 0.2388384749148148 
512000 0.22648672278518525 
513000 0.23659569282222218 
514000 0.2424543777222223 
515000 0.19199848281111098 
516000 0.1550187609444444 
517000 0.1978538688925926 
518000 0.18374686091111106 
519000 0.2472985757592592 
520000 0.22079849211481484 
521000 0.1847768753037037 
522000 0.1708281318888887 
523000 0.23126632931111096 
524000 0.21212228569259256 
525000 0.18583987201481497 
526000 0.2345771473222222 
527000 0.21752021612222225 
528000 0.2193299256407408 
529000 0.20459640528518527 
530000 0.19176944314814812 
531000 0.21934235001111096 
532000 0.19613299620370359 
533000 0.22225190915555557 
534000 0.19994776069259268 
535000 0.2007891892999999 
536000 0.18189704068518509 
537000 0.15760856433703707 
538000 0.20374532851111093 
539000 0.193029720448148 
540000 0.19484790071111105 
541000 0.22666992667777774 
542000 0.17730950707777765 
543000 0.26853406856666673 
544000 0.21002123288148156 
545000 0.21071633017407396 
546000 0.24647160017037043 
547000 0.19166666672962965 
548000 0.17547701739629626 
549000 0.2616076670370369 
550000 0.2107516744703703 
551000 0.18052241022962962 
552000 0.18072340085185187 
553000 0.18056572417037028 
554000 0.19577195998888886 
555000 0.19089873721481468 
556000 0.2196442802370369 
557000 0.19595244488148142 
558000 0.23272438822592598 
559000 0.18949882664814813 
560000 0.1939985064296296 
561000 0.22956348847777783 
562000 0.2439972048037037 
563000 0.18887139358518526 
564000 0.19310981748148143 
565000 0.22827067445925928 
566000 0.16319015361111108 
567000 0.16420012631851838 
568000 0.16535793761111114 
569000 0.2319638873962963 
570000 0.20676862387407405 
571000 0.1988927488370371 
572000 0.16090036379999995 
573000 0.19020473572592583 
574000 0.16976574951851855 
575000 0.21363624902962963 
576000 0.1800454496703704 
577000 0.15947865317777768 
578000 0.20512995476666665 
579000 0.23853243372222213 
580000 0.18085917165555554 
581000 0.22672204516666675 
582000 0.2135604438851852 
583000 0.1500726617962963 
584000 0.17383563595185184 
585000 0.20611604029629632 
586000 0.19110861541481472 
587000 0.214772751025926 
588000 0.1803547028518519 
589000 0.18533517695925925 
590000 0.16380714471111107 
591000 0.21423099550740735 
592000 0.205641876511111 
593000 0.16475695837037024 
594000 0.15187101039629644 
595000 0.20773377017037017 
596000 0.1718020970074074 
597000 0.19024040562962957 
598000 0.17945848468888898 
599000 0.1771152391000001 
600000 0.19452983503333326 
601000 0.15714415776666668 
602000 0.15386509282962968 
603000 0.21656900980000005 
604000 0.20473369480000003 
605000 0.15863158295185184 
606000 0.219350467762963 
607000 0.19593949592592594 
608000 0.22182895109629625 
609000 0.2297857635814815 
610000 0.19833073774814813 
611000 0.19693103125925923 
612000 0.23548714286666675 
613000 0.1760150395481482 
614000 0.18127492184444455 
615000 0.247123384111111 
616000 0.18060627072962962 
617000 0.20539965306666672 
618000 0.21843347725555542 
619000 0.2676142347481481 
620000 0.2031955704592592 
621000 0.17466371034814807 
622000 0.2094271680555556 
623000 0.22469545019629628 
624000 0.2297218835851851 
625000 0.23048041054814822 
626000 0.2023304281111111 
627000 0.1973694049888889 
628000 0.21414413728888884 
629000 0.18626697145925913 
630000 0.2648588222000001 
631000 0.2386785990666667 
632000 0.2577200092888888 
633000 0.19958633178888888 
634000 0.22397397460370363 
635000 0.1673840304666667 
636000 0.2669732382888889 
637000 0.20963091739629616 
638000 0.21631095493703703 
639000 0.23585143917777784 
640000 0.24494152733703703 
641000 0.257489459637037 
642000 0.19587195608888888 
643000 0.21587359440740728 
644000 0.2022318137518519 
645000 0.2425022720555556 
646000 0.1742590574777777 
647000 0.20816416400740728 
648000 0.18012562274074073 
649000 0.194872350211111 
650000 0.2113424995222222 
651000 0.19878147182962966 
652000 0.16583082909259253 
653000 0.2508870902148148 
654000 0.2580044956 
655000 0.2190813851703703 
656000 0.23205111371481474 
657000 0.19921806338518533 
658000 0.25201178506296296 
659000 0.21161746927037034 
660000 0.2233776625555556 
661000 0.1959390495925928 
662000 0.23658402942962964 
663000 0.19734496560740744 
664000 0.20440850535185187 
665000 0.26441916796296294 
666000 0.2097120697333333 
667000 0.25096204981851844 
668000 0.17667922487407403 
669000 0.20950499808888892 
670000 0.2235884459962962 
671000 0.22409014918518524 
672000 0.23777677254444443 
673000 0.20608700971111116 
674000 0.2656824170851852 
675000 0.20285938975555573 
676000 0.2489401444962962 
677000 0.19671054862592582 
678000 0.17835656737407413 
679000 0.22085764010370368 
680000 0.1967844675000001 
681000 0.22027041686666674 
682000 0.20157438108148149 
683000 0.2141993510555554 
684000 0.20642608609629629 
685000 0.20924241343333336 
686000 0.21965414497037036 
687000 0.21494098882592597 
688000 0.17391896798888895 
689000 0.2119411533259259 
690000 0.2333520742592592 
691000 0.1810553980777777 
692000 0.21004901166296297 
693000 0.21638680932962964 
694000 0.19245491585555552 
695000 0.2705262551666667 
696000 0.211576976474074 
697000 0.2187390968851852 
698000 0.21384257321481479 
699000 0.20941311619259242 
700000 0.14834891522222224 
701000 0.2457661480925928 
702000 0.21665422015555555 
703000 0.21295831425925935 
704000 0.2139887539296296 
705000 0.20192988699259265 
706000 0.1958971621185184 
707000 0.21872524595185172 
708000 0.20921148128888875 
709000 0.1876615179407408 
710000 0.18804162490740733 
711000 0.19191603594814807 
712000 0.20014841949999976 
713000 0.2481103965296295 
714000 0.20367908346296298 
715000 0.20264542888888884 
716000 0.16242755709629625 
717000 0.1924466905518518 
718000 0.21011978580000001 
719000 0.19137312829259268 
720000 0.19850981449629632 
721000 0.22507232616296288 
722000 0.21479588331481472 
723000 0.17341459474814816 
724000 0.19655655498888897 
725000 0.1956885014851852 
726000 0.2385259890925925 
727000 0.21989275840000003 
728000 0.1506722172740741 
729000 0.18777448163703703 
730000 0.28055665681481484 
731000 0.16152952959629618 
732000 0.18622689048148133 
733000 0.18229900150370362 
734000 0.22104080371851856 
735000 0.20695752149629637 
736000 0.19130583334444445 
737000 0.18252043968148152 
738000 0.23522419097037037 
739000 0.21316805495925933 
740000 0.14865867744444447 
741000 0.20643232208888881 
742000 0.20054788442962973 
743000 0.1890706451444445 
744000 0.14324942820740724 
745000 0.18717095937407394 
746000 0.1902470388962964 
747000 0.2007093561444444 
748000 0.18400415029999986 
749000 0.2029328382333333 
750000 0.1961646219962963 
751000 0.19630889705925925 
752000 0.17496312634074065 
753000 0.2094490720333334 
754000 0.20739170568148135 
755000 0.17484550551851846 
756000 0.1387257579555556 
757000 0.18937036383703698 
758000 0.1991872723814815 
759000 0.23155562010370373 
760000 0.2112958008222222 
761000 0.2217963485962962 
762000 0.18959906662222228 
763000 0.18660392807037046 
764000 0.20926676424814802 
765000 0.17325796355185177 
766000 0.17020153801111118 
767000 0.23199857008148164 
768000 0.23246161277407418 
769000 0.17342071417407404 
770000 0.1988456706481481 
771000 0.19884244340000004 
772000 0.15149010146296302 
773000 0.20046494492592598 
774000 0.22043704843703718 
775000 0.19851761850000002 
776000 0.21560918937777768 
777000 0.18382865667407414 
778000 0.19159352320740747 
779000 0.17764479319259277 
780000 0.1860757442592593 
781000 0.17974188392962967 
782000 0.17957182167777777 
783000 0.20655564678888888 
784000 0.19869051416666664 
785000 0.18728482863703708 
786000 0.20188699328148138 
787000 0.21310590237777774 
788000 0.18133144007407417 
789000 0.24609712666296296 
790000 0.19701182462222225 
791000 0.20833928748148156 
792000 0.224503660837037 
793000 0.20306835841851864 
794000 0.20867565551851866 
795000 0.2473262650518519 
796000 0.22957148072222225 
797000 0.19001949493703696 
798000 0.17897383922222226 
799000 0.20269159369259257 
800000 0.23049688177777772 
801000 0.211599279111111 
802000 0.16417847435185184 
803000 0.15417603499999993 
804000 0.13739808322962951 
805000 0.2064092340555556 
806000 0.17917764571481484 
807000 0.15374628127777776 
808000 0.19407404802592584 
809000 0.1574736231370372 
810000 0.19696419259259276 
811000 0.17131685210370384 
812000 0.14483443166296303 
813000 0.16006663503333343 
814000 0.20246120032962955 
815000 0.18361117037037053 
816000 0.19520962035925907 
817000 0.21394531491851854 
818000 0.16994198139999994 
819000 0.16901923915555556 
820000 0.18870402416666662 
821000 0.1394148657814814 
822000 0.15627227218518522 
823000 0.16146455695555553 
824000 0.14415637823703709 
825000 0.1785852512444444 
826000 0.1818957383888891 
827000 0.17163510865925938 
828000 0.1894892180481482 
829000 0.1666178696037038 
830000 0.16309328832222222 
831000 0.13144218220370368 
832000 0.11725874327037032 
833000 0.14579432604074088 
834000 0.2043893916148148 
835000 0.16200566454444434 
836000 0.14681672218518516 
837000 0.18962289886296307 
838000 0.1988722452851851 
839000 0.17113062152962952 
840000 0.2212176331592593 
841000 0.18517705879259266 
842000 0.15858769915555554 
843000 0.1843869843629631 
844000 0.18381271778148148 
845000 0.1867105110777778 
846000 0.15774912274814815 
847000 0.15047892699999996 
848000 0.1707036099185186 
849000 0.1782808264259258 
850000 0.18979211139629643 
851000 0.1687823404296296 
852000 0.19258002723703693 
853000 0.1768312208148148 
854000 0.16004105386296294 
855000 0.17555943436296298 
856000 0.17110435465925936 
857000 0.1874610723962963 
858000 0.17230828268148143 
859000 0.1866134847592593 
860000 0.16502525927037026 
861000 0.22123910066296304 
862000 0.1661839259407407 
863000 0.1707800706518519 
864000 0.22436020041481478 
865000 0.15254636805185165 
866000 0.1624587709518517 
867000 0.1794809709037036 
868000 0.14451304420740743 
869000 0.15865053607407417 
870000 0.18503771581111111 
871000 0.18453558652222235 
872000 0.18143575087037042 
873000 0.17250590414444444 
874000 0.14474837380000002 
875000 0.15777632817777779 
876000 0.18165941353333329 
877000 0.17987884990740732 
878000 0.2015436757296296 
879000 0.17367388274444442 
880000 0.18318950005925938 
881000 0.19785315929629613 
882000 0.23014666682592594 
883000 0.140981725637037 
884000 0.15241526260370364 
885000 0.12803293561481488 
886000 0.1758970886111111 
887000 0.17567303836666678 
888000 0.1565439016222222 
889000 0.2025725819555556 
890000 0.1396419363814816 
891000 0.1482497210222222 
892000 0.18383512931481483 
893000 0.2018261823148149 
894000 0.17255546472222216 
895000 0.15260217074814814 
896000 0.16899690427407407 
897000 0.17774702638888898 
898000 0.23175444257037034 
899000 0.16800289575555555 
900000 0.18073519438518526 
901000 0.17294649578148144 
902000 0.14998598857037032 
903000 0.15426428099629633 
904000 0.1522655630111112 
905000 0.14298543635925937 
906000 0.20263098634444449 
907000 0.19638898241851865 
908000 0.1656118942925927 
909000 0.17589793305555543 
910000 0.147828618 
911000 0.19131967527407415 
912000 0.13212010261481483 
913000 0.15350006628888888 
914000 0.20286510854814815 
915000 0.19495370006666662 
916000 0.16883982905925946 
917000 0.16816877674074068 
918000 0.22727588319629638 
919000 0.17200484214074088 
920000 0.19626809765185182 
921000 0.21669639566296295 
922000 0.15918182171851838 
923000 0.1726055578629629 
924000 0.17400316633333338 
925000 0.17779838138888882 
926000 0.18926085277777777 
927000 0.14689817244814815 
928000 0.18372104968888903 
929000 0.19429430608518514 
930000 0.20620714812592583 
931000 0.2058265958037037 
932000 0.19799777308518515 
933000 0.14711606209999992 
934000 0.14382647743333324 
935000 0.1448564352740741 
936000 0.2037505247444445 
937000 0.1638904960777778 
938000 0.15722238224444432 
939000 0.15977707457407403 
940000 0.17449057511851845 
941000 0.12965106116666666 
942000 0.1495548503 
943000 0.18501029481481482 
944000 0.16243557512962978 
945000 0.1936465968925925 
946000 0.16666388466666662 
947000 0.1948603395925925 
948000 0.13870706623703705 
949000 0.1536077167148149 
950000 0.13977074380370377 
951000 0.1300543570851853 
952000 0.1462873108037037 
953000 0.1433315047740741 
954000 0.1399727361777778 
955000 0.16454157141851844 
956000 0.15389037659629626 
957000 0.1727212691407408 
958000 0.1519065723925927 
959000 0.1383644608592592 
960000 0.17436303839259265 
961000 0.1339578880185185 
962000 0.1916936625333333 
963000 0.1303698501592593 
964000 0.2027299018259259 
965000 0.19004180405185178 
966000 0.1721302031777778 
967000 0.1788074877962963 
968000 0.21798901639259263 
969000 0.19307244617777794 
970000 0.18113564490370368 
971000 0.17126771735925922 
972000 0.15097206743333333 
973000 0.17889731018888894 
974000 0.14093869036296283 
975000 0.11996983581481481 
976000 0.16614509388888882 
977000 0.1443813652740741 
978000 0.20485261003333333 
979000 0.1528174330592593 
980000 0.16312898713703716 
981000 0.1396957323703705 
982000 0.17502603511481465 
983000 0.15887797635185183 
984000 0.1646303055000001 
985000 0.15525773048888894 
986000 0.1373725035703703 
987000 0.15043338560370365 
988000 0.189789414025926 
989000 0.16683455628148142 
990000 0.17494372186666668 
991000 0.17340071183703706 
992000 0.15332095040740737 
993000 0.2014804913555555 
994000 0.21544567743333348 
995000 0.1831058578888888 
996000 0.17144417951481472 
997000 0.19865474581481482 
998000 0.14245491014444436 
999000 0.16057437557777773 
1000000 0.16321641331481473 
1001000 0.14739201692592602 
1002000 0.18262017431111113 
1003000 0.15707741131111114 
1004000 0.12300123066296292 
1005000 0.17531059891851855 
1006000 0.15512114511111116 
1007000 0.16958258398518516 
1008000 0.15575345268518517 
1009000 0.12846955146296293 
1010000 0.14465183121111116 
1011000 0.2090478777259259 
1012000 0.20019261496666652 
1013000 0.14636824068888887 
1014000 0.11435431415185189 
1015000 0.1912035709074074 
1016000 0.13376063321481482 
1017000 0.16745110975925925 
1018000 0.15988972629629622 
1019000 0.1613916141888888 
1020000 0.13637473414814819 
1021000 0.1610677115703704 
1022000 0.20160668617777766 
1023000 0.1711195887629629 
1024000 0.14664440860370365 
1025000 0.15830525199259252 
1026000 0.15553847824444447 
1027000 0.14823182852962957 
1028000 0.1584187709555555 
1029000 0.1676587587777778 
1030000 0.16347173270370371 
1031000 0.19712404459629637 
1032000 0.1558827242851851 
1033000 0.20417618005555552 
1034000 0.19753009129629628 
1035000 0.15721710696666683 
1036000 0.17553786179259254 
1037000 0.23922456704814812 
1038000 0.17996967370740738 
1039000 0.1974552271777777 
1040000 0.15460334520370378 
1041000 0.18240207829629626 
1042000 0.23226154168148133 
1043000 0.1532820790777778 
1044000 0.19816190124814798 
1045000 0.11935931759999995 
1046000 0.20760994366666655 
1047000 0.17994090104814808 
1048000 0.18410333187407404 
1049000 0.17043029660740727 
1050000 0.17272710610370368 
1051000 0.15866304191481476 
1052000 0.156464938274074 
1053000 0.19428429656666657 
1054000 0.19448007702962958 
1055000 0.16394045464814802 
1056000 0.1509435144777777 
1057000 0.18720535608888889 
1058000 0.17289696034074084 
1059000 0.17915573540370372 
1060000 0.1477333005925926 
1061000 0.1570639621703703 
1062000 0.1913006392259259 
1063000 0.17122770499629622 
1064000 0.17359191316296285 
1065000 0.14232686838148145 
1066000 0.14684172422962963 
1067000 0.17907841021111098 
1068000 0.1893172580407409 
1069000 0.14760500803703694 
1070000 0.14967229866666665 
1071000 0.14543346207407407 
1072000 0.1547456842629629 
1073000 0.1449436714629628 
1074000 0.1603070971148148 
1075000 0.14781451816296307 
1076000 0.1710026780888889 
1077000 0.15794960083333334 
1078000 0.1673483641814815 
1079000 0.14738815555185178 
1080000 0.1628901773925927 
1081000 0.14713906979259253 
1082000 0.1951133561518517 
1083000 0.14634638545925924 
1084000 0.15586576873703692 
1085000 0.27434261789259234 
1086000 0.1608710912407408 
1087000 0.14155773729629623 
1088000 0.1630455870888889 
1089000 0.14402987587777785 
1090000 0.16404406703703706 
1091000 0.1623185292888888 
1092000 0.13895551925925922 
1093000 0.11473946566666662 
1094000 0.13659091770370357 
1095000 0.2297988795666666 
1096000 0.16104433618518518 
1097000 0.19365921156296292 
1098000 0.17573489790000008 
1099000 0.13442736501481478 
1100000 0.15956285372592585 
1101000 0.1276851997444444 
1102000 0.1362947777296297 
1103000 0.14145926209629636 
1104000 0.2058057230185184 
1105000 0.1282552202925926 
1106000 0.16418018436666665 
1107000 0.17141173994814804 
1108000 0.15949465520740722 
1109000 0.19517815002222225 
1110000 0.1714501468407406 
1111000 0.15853229255925924 
1112000 0.14190754091851857 
1113000 0.13734917644814812 
1114000 0.16377507285185172 
1115000 0.11100379570370374 
1116000 0.1499134538 
1117000 0.1350757431555555 
1118000 0.12469655919259258 
1119000 0.1360648090518518 
1120000 0.13729192046666663 
1121000 0.16427152388888877 
1122000 0.11792312208888885 
1123000 0.1338949712444444 
1124000 0.17931725060000012 
1125000 0.13692473103333333 
1126000 0.1900512039703704 
1127000 0.18021172324444437 
1128000 0.1373193425925926 
1129000 0.1490823559703703 
1130000 0.14026052644074075 
1131000 0.1359214085222222 
1132000 0.19024378818148138 
1133000 0.10663522861481488 
1134000 0.14920449130000002 
1135000 0.1089529091518518 
1136000 0.17452277662962967 
1137000 0.14084474629259253 
1138000 0.1461007976111112 
1139000 0.1330104526222222 
1140000 0.1412751150814815 
1141000 0.14276712838518524 
1142000 0.1431578053444443 
1143000 0.14887026060370376 
1144000 0.15534780199629628 
1145000 0.16699547004444437 
1146000 0.15543935454814817 
1147000 0.21007116875555568 
1148000 0.14222901417407405 
1149000 0.13745450169259257 
1150000 0.20254053055185184 
1151000 0.17906811639999992 
1152000 0.1915640179222222 
1153000 0.15873087605555558 
1154000 0.20293610985555557 
1155000 0.22409678745925934 
1156000 0.19995335645925927 
1157000 0.18783769228888872 
1158000 0.17775112458148148 
1159000 0.17330279549259278 
1160000 0.15805444238888883 
1161000 0.1850882370555556 
1162000 0.16846267265555545 
1163000 0.2085469761962964 
1164000 0.19767624821111116 
1165000 0.2310056584666666 
1166000 0.16013751167777776 
1167000 0.1821024279592592 
1168000 0.19213699557037042 
1169000 0.16385129998148143 
1170000 0.1646357420777777 
1171000 0.17701877380000003 
1172000 0.1842924260185187 
1173000 0.1428205273259259 
1174000 0.16629899635555562 
1175000 0.1840637052407406 
1176000 0.1398063413925926 
1177000 0.16929375658888887 
1178000 0.1365198932037037 
1179000 0.18832722962962972 
1180000 0.20801209964074074 
1181000 0.18833602645925918 
1182000 0.1402428597592593 
1183000 0.17850482667777795 
1184000 0.1553946226444444 
1185000 0.16916016671111114 
1186000 0.20257653655555555 
1187000 0.18991473137407394 
1188000 0.16874657893333328 
1189000 0.17727986142592592 
1190000 0.16191206252962959 
1191000 0.18105496373333343 
1192000 0.19537231517407402 
1193000 0.17629825415925934 
1194000 0.15133134700370365 
1195000 0.15644190419629625 
1196000 0.1776468868333334 
1197000 0.17839113740000004 
1198000 0.19830782150740747 
1199000 0.15731950844444445 
1200000 0.14305297265185177 
1201000 0.15258964511111112 
1202000 0.16176224026296293 
1203000 0.21546365796666656 
1204000 0.1716803174037037 
1205000 0.1773735623740741 
1206000 0.1753533732814814 
1207000 0.197673317574074 
1208000 0.1499065419185186 
1209000 0.19060514039999996 
1210000 0.19263833472962963 
1211000 0.1968142671259259 
1212000 0.17030605776666666 
1213000 0.1544994783111111 
1214000 0.12725529530740745 
1215000 0.15167351727037037 
1216000 0.15123365807037048 
1217000 0.14058240489259255 
1218000 0.09861031519629639 
1219000 0.14573961087777784 
1220000 0.13691125564814813 
1221000 0.1683391316962964 
1222000 0.15832713460000006 
1223000 0.16268212146296307 
1224000 0.1472374318481481 
1225000 0.1540789087629628 
1226000 0.15249445108518517 
1227000 0.17328743759999984 
1228000 0.16308046858518516 
1229000 0.20636790611481487 
1230000 0.17161957738148156 
1231000 0.1827489280888889 
1232000 0.16360064154814816 
1233000 0.180433549137037 
1234000 0.13236054339629635 
1235000 0.15194517205555547 
1236000 0.1602066935259259 
1237000 0.15726140175555556 
1238000 0.20836576154074074 
1239000 0.19646459434444447 
1240000 0.14109978771111112 
1241000 0.1190017239703704 
1242000 0.203002723862963 
1243000 0.19147823424814817 
1244000 0.19374846245925922 
1245000 0.19772386315925933 
1246000 0.13645729842962961 
1247000 0.17552583737777785 
1248000 0.13634872874444456 
1249000 0.19968537202962955 
1250000 0.09635455523333333 
1251000 0.19446241935185182 
1252000 0.16038096927037035 
1253000 0.15732140711111103 
1254000 0.14868367921111109 
1255000 0.17260939321481505 
1256000 0.12991981793333335 
1257000 0.187408246425926 
1258000 0.11243233080370364 
1259000 0.1735751278 
1260000 0.17442323188518521 
1261000 0.1584139532222223 
1262000 0.1785911358925926 
1263000 0.1366407531074074 
1264000 0.161089848611111 
1265000 0.15534161911851843 
1266000 0.14875010120000004 
1267000 0.17551987698148144 
1268000 0.18553125324444433 
1269000 0.16076079040740734 
1270000 0.13734334123703706 
1271000 0.1663863943703704 
1272000 0.1265019165666667 
1273000 0.17691501018518527 
1274000 0.16239353905925927 
1275000 0.13366314317407416 
1276000 0.13990626819259258 
1277000 0.11446289177407414 
1278000 0.1472016969370371 
1279000 0.1914807715148147 
1280000 0.24153115394444444 
1281000 0.239611103051852 
1282000 0.23621459581481463 
1283000 0.17291755052592586 
1284000 0.21767098842592592 
1285000 0.23434458723703708 
1286000 0.19198787674814816 
1287000 0.17223724667407403 
1288000 0.17517260014444447 
1289000 0.20273849428518514 
1290000 0.16759744039259253 
1291000 0.16624022638518518 
1292000 0.16534740447777782 
1293000 0.15910430467037043 
1294000 0.18752948118888887 
1295000 0.1962023809555556 
1296000 0.17506137349629622 
1297000 0.18011228211481484 
1298000 0.18092481917037026 
1299000 0.25033482640370375 
1300000 0.17376694059999997 
1301000 0.1860514696814816 
1302000 0.18131699450370387 
1303000 0.17244033247037038 
1304000 0.21598686469999998 
1305000 0.20907729647407416 
1306000 0.19163334824444456 
1307000 0.19463114812962956 
1308000 0.16568911574444448 
1309000 0.15483586680370373 
1310000 0.14259659910370368 
1311000 0.1774873386740741 
1312000 0.1822757960814814 
1313000 0.12825231408518523 
1314000 0.1594125850888889 
1315000 0.18288221511481476 
1316000 0.16976967535555548 
1317000 0.14600472332962966 
1318000 0.16152749610370376 
1319000 0.16660797665555555 
1320000 0.205915360937037 
1321000 0.15672184478148146 
1322000 0.16424391148148149 
1323000 0.12914872774444439 
1324000 0.15492495856666683 
1325000 0.1702847466444444 
1326000 0.16403945320740732 
1327000 0.19827889405925933 
1328000 0.19864515792222223 
1329000 0.1513632450962964 
1330000 0.1046205769444444 
1331000 0.1438282929888889 
1332000 0.15817992794814814 
1333000 0.17888537652222228 
1334000 0.15767609806296295 
1335000 0.14281802224074064 
1336000 0.17220506580370362 
1337000 0.14255041796666665 
1338000 0.15974620933703695 
1339000 0.15787036633333323 
1340000 0.1460344971962963 
1341000 0.11687021680370382 
1342000 0.170051408637037 
1343000 0.19746337332222216 
1344000 0.19880114057777767 
1345000 0.1988835643 
1346000 0.17105218839629627 
1347000 0.16555432754444444 
1348000 0.14781530199259252 
1349000 0.15314607537407396 
1350000 0.1336264238296297 
1351000 0.1569371593703704 
1352000 0.15047932275555556 
1353000 0.13687758118888887 
1354000 0.1804269116555555 
1355000 0.14924827973333327 
1356000 0.13791724995185195 
1357000 0.16758686577037032 
1358000 0.13733444510000006 
1359000 0.12816227328888882 
1360000 0.1294091581629629 
1361000 0.16405470738888894 
1362000 0.18278047207407408 
1363000 0.1851749256851852 
1364000 0.19459992094814815 
1365000 0.15422672815555552 
1366000 0.19282783396296305 
1367000 0.16956829508888888 
1368000 0.16571716778148143 
1369000 0.1694069371555555 
1370000 0.18211513727777787 
1371000 0.23588274595555572 
1372000 0.13960024115555558 
1373000 0.2336033957592592 
1374000 0.18346080469999998 
1375000 0.1769792060518521 
1376000 0.16968772162592605 
1377000 0.20106027708518515 
1378000 0.1579902002259259 
1379000 0.15520098242592598 
1380000 0.17778150801851847 
1381000 0.14889988100000007 
1382000 0.1565741996666667 
1383000 0.1800257124148148 
1384000 0.19335275313703698 
1385000 0.14254841865925924 
1386000 0.16532751412222235 
1387000 0.1334197333037037 
1388000 0.16563847123703698 
1389000 0.17536167084074064 
1390000 0.18565274730370374 
1391000 0.15231508901111113 
1392000 0.15944297363333326 
1393000 0.15668573222222212 
1394000 0.19649020930740738 
1395000 0.18496062745925915 
1396000 0.1543925390111111 
1397000 0.19675880065185183 
1398000 0.18879283172592595 
1399000 0.13136179300740736 
1400000 0.17053889752592594 
1401000 0.17691147013333333 
1402000 0.18150984048148155 
1403000 0.1998716653666666 
1404000 0.14536987715555566 
1405000 0.15567912630740743 
1406000 0.1689972027666667 
1407000 0.1651991763555556 
1408000 0.19336954018148156 
1409000 0.184847214162963 
1410000 0.1711719787333332 
1411000 0.15450597912962952 
1412000 0.2046184127222222 
1413000 0.17785987857407418 
1414000 0.2240541053555555 
1415000 0.16459717320740744 
1416000 0.1765216179333333 
1417000 0.19127241871111114 
1418000 0.1641540855777777 
1419000 0.21273374894074062 
1420000 0.14627889648148154 
1421000 0.20521700000370366 
1422000 0.18357452680000005 
1423000 0.19069947879259258 
1424000 0.20157662760370365 
1425000 0.18042588921851854 
1426000 0.14612734617777784 
1427000 0.2019320408074073 
1428000 0.17553861965185186 
1429000 0.15044593770370374 
1430000 0.22612134244074072 
1431000 0.17889936688518504 
1432000 0.168011915562963 
1433000 0.17813011595555553 
1434000 0.17503047976666672 
1435000 0.1554495528111111 
1436000 0.17883807314814812 
1437000 0.1880485170814815 
1438000 0.15782713244444443 
1439000 0.17087586470370353 
1440000 0.2206741376333334 
1441000 0.16845297271481474 
1442000 0.1744625379481482 
1443000 0.1752181254222221 
1444000 0.14540951036666655 
1445000 0.17255586712222218 
1446000 0.19305209942962961 
1447000 0.16582726245925924 
1448000 0.20715986321111113 
1449000 0.2051885159037037 
1450000 0.20920979063333323 
1451000 0.1782359523703704 
1452000 0.2071784945111112 
1453000 0.16434963106296294 
1454000 0.22130815634814824 
1455000 0.20126271265555562 
1456000 0.1904900987296296 
1457000 0.18251372429259266 
1458000 0.22642142131851853 
1459000 0.2117557416296298 
1460000 0.1636091385333333 
1461000 0.15813870653333328 
1462000 0.22933449994814817 
1463000 0.1959395739444444 
1464000 0.17262367577777782 
1465000 0.2440948875555555 
1466000 0.17347471218148144 
1467000 0.17170298969999995 
1468000 0.16338735517407418 
1469000 0.1533465444555555 
1470000 0.16739847686296297 
1471000 0.23326630144444438 
1472000 0.2196466584407408 
1473000 0.18430632466296293 
1474000 0.16152478664814804 
1475000 0.19121337125185192 
1476000 0.19360663947407403 
1477000 0.19572385184814825 
1478000 0.2013668188555556 
1479000 0.1621728603333333 
1480000 0.14001758448888876 
1481000 0.1774397719370369 
1482000 0.19748886191851842 
1483000 0.20574922268888898 
1484000 0.1830531832518518 
1485000 0.19124442571851852 
1486000 0.20092158811481486 
1487000 0.18084016672962974 
1488000 0.17629690497777784 
1489000 0.1901299163370371 
1490000 0.1934160610703703 
1491000 0.18425101828888898 
1492000 0.17347977394814815 
1493000 0.18087185086666657 
1494000 0.15171314907407396 
1495000 0.15760580845185185 
1496000 0.158055419525926 
1497000 0.16006419271111128 
1498000 0.17091458063333334 
1499000 0.2063063573296296 
1500000 0.18932355139259266 
1501000 0.17605081197777772 
1502000 0.19716284502222206 
1503000 0.19000566491481485 
1504000 0.18960165399629644 
1505000 0.16004382208148152 
1506000 0.142819244788889 
1507000 0.17391970572962967 
1508000 0.1981004712333333 
1509000 0.1547992435703703 
1510000 0.2070446046481481 
1511000 0.17067705739629638 
1512000 0.205778171214815 
1513000 0.149464310762963 
1514000 0.2042733798222222 
1515000 0.13823625667037034 
1516000 0.17150094381481484 
1517000 0.2069162272037038 
1518000 0.15911812335185183 
1519000 0.1772947094333333 
1520000 0.17618891721111113 
1521000 0.17735259150000007 
1522000 0.15269511235925937 
1523000 0.18075451696296305 
1524000 0.18646277651111096 
1525000 0.1520020845222221 
1526000 0.2172124002962963 
1527000 0.14258275479259247 
1528000 0.14249590610740745 
1529000 0.15931713224444444 
1530000 0.1894364593777778 
1531000 0.1784089744333333 
1532000 0.14606205944074085 
1533000 0.1346517478037037 
1534000 0.1495337058925926 
1535000 0.10702085912222217 
1536000 0.15732435495185187 
1537000 0.152850013774074 
1538000 0.22615453800000013 
1539000 0.18455904447407404 
1540000 0.20183795201111107 
1541000 0.18880319378888888 
1542000 0.17761921186296292 
1543000 0.16565198639259263 
1544000 0.1471751002481482 
1545000 0.17298136589259253 
1546000 0.15902078354444443 
1547000 0.17613279553333328 
1548000 0.2054445411666667 
1549000 0.17087062894444463 
1550000 0.15826890588888887 
1551000 0.15950680460740752 
1552000 0.17177216672222217 
1553000 0.1845381728962962 
1554000 0.15162414270740743 
1555000 0.15895183082592595 
1556000 0.1785545782222224 
1557000 0.13464538807407408 
1558000 0.16554642410370377 
1559000 0.1864617378444444 
1560000 0.15582879836296307 
1561000 0.19140123080370378 
1562000 0.2319366689925925 
1563000 0.15452940043703697 
1564000 0.16249041755555563 
1565000 0.2044663635444445 
1566000 0.16425684444074076 
1567000 0.20992400800370384 
1568000 0.18223399439629642 
1569000 0.17638377619259257 
1570000 0.20927701791481473 
1571000 0.17700678749629642 
1572000 0.1772243534407407 
1573000 0.1603726767666668 
1574000 0.16693922529259264 
1575000 0.2031406073148147 
1576000 0.19007707190370368 
1577000 0.1804248072296297 
1578000 0.22342191955925936 
1579000 0.22840973841851836 
1580000 0.18678947442222227 
1581000 0.16821225577777776 
1582000 0.16687532614814823 
1583000 0.1692706731259258 
1584000 0.19951289494444446 
1585000 0.1840354246037036 
1586000 0.1886077182222223 
1587000 0.2208962679740742 
1588000 0.21805229256296302 
1589000 0.1671350994592593 
1590000 0.16993605192222233 
1591000 0.15701359826666672 
1592000 0.12264483487777778 
1593000 0.170922909374074 
1594000 0.20258858785925915 
1595000 0.15992486631111105 
1596000 0.12981656180740742 
1597000 0.20990090239629638 
1598000 0.1484539689666668 
1599000 0.2031009180851853 
1600000 0.14158726037037045 
1601000 0.22230804997777778 
1602000 0.18213862002962974 
1603000 0.2132980610333335 
1604000 0.15934214044814807 
1605000 0.18089050694814832 
1606000 0.17022804993703694 
1607000 0.19984391372962976 
1608000 0.1852723675518519 
1609000 0.1990963378666668 
1610000 0.2263807230259261 
1611000 0.17065255244074076 
1612000 0.14913583085185195 
1613000 0.18591279643333342 
1614000 0.1690280352037036 
1615000 0.18430403012592583 
1616000 0.1359673897111112 
1617000 0.1584349278703704 
1618000 0.16818160019629633 
1619000 0.24833172276296314 
1620000 0.18948016833703712 
1621000 0.20094512583333335 
1622000 0.20141287515185197 
1623000 0.19589959061481485 
1624000 0.24452493330370373 
1625000 0.19984320249629642 
1626000 0.22290475729629636 
1627000 0.16773090696296306 
1628000 0.22913365254444445 
1629000 0.18750939635925923 
1630000 0.20152933435185189 
1631000 0.1827098399814816 
1632000 0.19527272758518527 
1633000 0.2204048691740741 
1634000 0.21278110905925923 
1635000 0.16652226147777785 
1636000 0.1707862413555555 
1637000 0.195232058888889 
1638000 0.20372024764814825 
1639000 0.1898324687370371 
1640000 0.19673543667407412 
1641000 0.18224441577777786 
1642000 0.22796754929629645 
1643000 0.19459126265925938 
1644000 0.20419339135925932 
1645000 0.17301351899629636 
1646000 0.1931467901888889 
1647000 0.1989034583148148 
1648000 0.2597862936740741 
1649000 0.23936586463703696 
1650000 0.1719485167703704 
1651000 0.2471624492444444 
1652000 0.17474704242222203 
1653000 0.1867811829444445 
1654000 0.2396431350814817 
1655000 0.19004072278888906 
1656000 0.22450455058888888 
1657000 0.20124131687407412 
1658000 0.21649385444074085 
1659000 0.2607165594296297 
1660000 0.22063896592592597 
1661000 0.19261377400000013 
1662000 0.2139502817333334 
1663000 0.18301938722962965 
1664000 0.173823484388889 
1665000 0.2160296720222221 
1666000 0.14830726102222228 
1667000 0.199623002725926 
1668000 0.18621564724074074 
1669000 0.16393458147407414 
1670000 0.17403838038148156 
1671000 0.17856541611111107 
1672000 0.16084155865185185 
1673000 0.17263299880740735 
1674000 0.1655890406185185 
1675000 0.14746826203703708 
1676000 0.15707940919259258 
1677000 0.1764019220703704 
1678000 0.17222618892962954 
1679000 0.13878001891851852 
1680000 0.18301023514444448 
1681000 0.18351858619259256 
1682000 0.1896233842481482 
1683000 0.19019906401851866 
1684000 0.19151150251111126 
1685000 0.20333448139629642 
1686000 0.16631731235185185 
1687000 0.21382968683333334 
1688000 0.17609539615555553 
1689000 0.16102600592222222 
1690000 0.20013167237037036 
1691000 0.19521872244444452 
1692000 0.15474583089629643 
1693000 0.13745034627407413 
1694000 0.18586336245555557 
1695000 0.1551365134555555 
1696000 0.19630108393703707 
1697000 0.18692908035555553 
1698000 0.1539613029962964 
1699000 0.19881998591481476 
1700000 0.21534258746296298 
1701000 0.20364656094444453 
1702000 0.2094643225555555 
1703000 0.23087726125185196 
1704000 0.25169554673703703 
1705000 0.20757504337777774 
1706000 0.21300141471111106 
1707000 0.20781885415555557 
1708000 0.1756465477703705 
1709000 0.20937634895925936 
1710000 0.19074544359259255 
1711000 0.1405824564851852 
1712000 0.1921177444962964 
1713000 0.18058884424074081 
1714000 0.20175773974814815 
1715000 0.16236685833703704 
1716000 0.223251597037037 
1717000 0.17453236623333332 
1718000 0.16199490738518524 
1719000 0.1472672666814814 
1720000 0.16635010016666676 
1721000 0.16890594860740737 
1722000 0.17018333531481503 
1723000 0.18610362325925922 
1724000 0.14619613041111112 
1725000 0.14250460897407413 
1726000 0.1702228157444445 
1727000 0.18808838453703713 
1728000 0.11782876481851869 
1729000 0.14803286699259263 
1730000 0.14853529068518526 
1731000 0.18713551332222225 
1732000 0.21402753482962963 
1733000 0.17520828724444448 
1734000 0.24306842470370377 
1735000 0.15630093218518512 
1736000 0.1732671418814816 
1737000 0.18470341287407413 
1738000 0.15629919945185186 
1739000 0.2064419477814815 
1740000 0.1366344458037037 
1741000 0.21091190434444446 
1742000 0.17869926261481484 
1743000 0.18096741078888884 
1744000 0.21590592168148157 
1745000 0.1826152303407407 
1746000 0.24675653694074082 
1747000 0.24052250657407423 
1748000 0.17001452284074073 
1749000 0.18672481797407411 
1750000 0.18959211172592602 
1751000 0.14829330150000003 
1752000 0.13009583028518523 
1753000 0.1997106302296295 
1754000 0.14801726435185186 
1755000 0.16704809782222224 
1756000 0.17568517666296304 
1757000 0.1686634463592594 
1758000 0.10687869480000005 
1759000 0.1638323341 
1760000 0.1654611085444445 
1761000 0.1756729269703705 
1762000 0.17326875488518526 
1763000 0.1528438810481481 
1764000 0.12658152893703709 
1765000 0.10778338629629626 
1766000 0.14733575147777775 
1767000 0.12240158322222214 
1768000 0.1436434546000001 
1769000 0.2018139442629629 
1770000 0.1615703384037037 
1771000 0.16897512711481488 
1772000 0.15374467882962964 
1773000 0.16291374151481477 
1774000 0.16667307152222233 
1775000 0.18678130961851847 
1776000 0.18659093514074085 
1777000 0.1753539743148149 
1778000 0.1552401833740742 
1779000 0.18207432763703718 
1780000 0.1958236144518518 
1781000 0.18338304483703713 
1782000 0.1570390946000001 
1783000 0.22050142166296288 
1784000 0.18998166328148153 
1785000 0.19947671190370392 
1786000 0.17586857304074077 
1787000 0.2063171497370371 
1788000 0.20253624264814818 
1789000 0.22924212561481494 
1790000 0.20526157944814816 
1791000 0.16651691135555566 
1792000 0.22587557680740747 
1793000 0.22011733165555558 
1794000 0.1559530830185185 
1795000 0.1729660415814816 
1796000 0.1785088799037038 
1797000 0.22046237924074083 
1798000 0.22494760481851853 
1799000 0.20994542155555576 
1800000 0.22143724632222236 
1801000 0.21036545608518525 
1802000 0.1622023436592592 
1803000 0.19912081608518528 
1804000 0.19941261473333344 
1805000 0.2416651697148149 
1806000 0.20814698335185178 
1807000 0.2002137562444444 
1808000 0.19682546690370384 
1809000 0.21845243645185183 
1810000 0.18147446359259267 
1811000 0.2118879579925927 
1812000 0.24794557307407422 
1813000 0.20704761158518525 
1814000 0.24030018521851848 
1815000 0.2566731714222223 
1816000 0.20500190519259273 
1817000 0.21075414518888883 
1818000 0.2432606367925926 
1819000 0.24021609117037052 
1820000 0.18391849791851858 
1821000 0.19272243344814818 
1822000 0.21509891021111122 
1823000 0.22403268009629645 
1824000 0.24328178115185198 
1825000 0.2060009734333336 
1826000 0.20241540615185188 
1827000 0.2154406449259261 
1828000 0.24352390599629634 
1829000 0.2123809082 
1830000 0.2299173858888889 
1831000 0.21874277651111118 
1832000 0.22644850861851862 
1833000 0.21201038268518532 
1834000 0.18579040065555574 
1835000 0.19799127505555558 
1836000 0.22842521429629647 
1837000 0.1825473011037037 
1838000 0.2507007172851853 
1839000 0.22053862601851867 
1840000 0.17257697064814823 
1841000 0.21421181148888888 
1842000 0.19100351328518522 
1843000 0.2013479962555557 
1844000 0.19309688824074078 
1845000 0.1573194349333333 
1846000 0.21715090349629626 
1847000 0.21514307873333327 
1848000 0.19583660604444453 
1849000 0.23624231680740745 
1850000 0.1999493232481483 
1851000 0.19339563884444455 
1852000 0.1911758419703705 
1853000 0.19305734598888888 
1854000 0.21913144261851863 
1855000 0.22970467620000007 
1856000 0.16564610604814836 
1857000 0.23232910400740744 
1858000 0.21014998302962973 
1859000 0.22081097197407404 
1860000 0.18709338275925924 
1861000 0.18987387181111107 
1862000 0.18344432855555562 
1863000 0.19441275961111118 
1864000 0.18903046451481487 
1865000 0.24097311652962966 
1866000 0.18164854842222236 
1867000 0.20081270465185186 
1868000 0.18698343353333338 
1869000 0.26151987134814825 
1870000 0.21585883006666673 
1871000 0.22966353386296293 
1872000 0.1738678633296296 
1873000 0.22462656951481497 
1874000 0.221634352362963 
1875000 0.20984822059629632 
1876000 0.2184168064111111 
1877000 0.2270429298 
1878000 0.1999977616296297 
1879000 0.1799267179481482 
1880000 0.21257393689629633 
1881000 0.24947471521851863 
1882000 0.22152631108888896 
1883000 0.20876128072222244 
1884000 0.20339027425185197 
1885000 0.18607371051851856 
1886000 0.2629927909 
1887000 0.2539460276111113 
1888000 0.21236521207407405 
1889000 0.2092308122296297 
1890000 0.18334838731851863 
1891000 0.2422435460481483 
1892000 0.3045692508259259 
1893000 0.2015125908518519 
1894000 0.1904337333740742 
1895000 0.2219223506777778 
1896000 0.25062445518518517 
1897000 0.23946406487037042 
1898000 0.23139953174074085 
1899000 0.17548521857407412 
1900000 0.19756018305555562 
1901000 0.20795909587777783 
1902000 0.20439001507777774 
1903000 0.1941259775111112 
1904000 0.2641227071222223 
1905000 0.23290635845555557 
1906000 0.24900629385185186 
1907000 0.20289213811851847 
1908000 0.18352474928888884 
1909000 0.1686358811444445 
1910000 0.16551045014444452 
1911000 0.21126091524814825 
1912000 0.2156190286296297 
1913000 0.21884151097037052 
1914000 0.1933633326074075 
1915000 0.18577856691111114 
1916000 0.23467778377037038 
1917000 0.196247067125926 
1918000 0.2529513000814816 
1919000 0.1975644883703705 
1920000 0.19913527836296296 
1921000 0.23199004792222222 
1922000 0.22536707971851863 
1923000 0.15114730756296307 
1924000 0.18625563669259274 
1925000 0.20292992240000005 
1926000 0.25318207475185195 
1927000 0.2002093846222224 
1928000 0.19624700002592593 
1929000 0.17144538505185197 
1930000 0.1900515587111112 
1931000 0.1894244214296297 
1932000 0.17663297805185188 
1933000 0.2555225849370371 
1934000 0.23576333887037054 
1935000 0.2544627150703705 
1936000 0.2106952942333334 
1937000 0.17793676962222232 
1938000 0.22670220140740746 
1939000 0.2127383021851853 
1940000 0.1914569778814816 
1941000 0.19583102587777793 
1942000 0.19618536358518537 
1943000 0.2205003917074075 
1944000 0.17441429085925922 
1945000 0.1838496004777779 
1946000 0.2012219150925925 
1947000 0.21496594370740757 
1948000 0.243613678625926 
1949000 0.2604307726925926 
1950000 0.16700973739259276 
1951000 0.18136986389259263 
1952000 0.20453382229629632 
1953000 0.18109525838148152 
1954000 0.17450328810000007 
1955000 0.1537193362296297 
1956000 0.21870810017037046 
1957000 0.18613030766296307 
1958000 0.17656344564444437 
1959000 0.16045532688518518 
1960000 0.19549164222592597 
1961000 0.1620602158555556 
1962000 0.16290365183703706 
1963000 0.20454900079629632 
1964000 0.12922316583703702 
1965000 0.20340151237407406 
1966000 0.16559066560370375 
1967000 0.1627093207185185 
1968000 0.15701435425185203 
1969000 0.19363635809629628 
1970000 0.16929454591851864 
1971000 0.21231240325185197 
1972000 0.1425370248148149 
1973000 0.20322718030370376 
1974000 0.20353592978148155 
1975000 0.20923774968148148 
1976000 0.18745635551481482 
1977000 0.20154682125555554 
1978000 0.17783060126296288 
1979000 0.19414153025555564 
1980000 0.1782211565962964 
1981000 0.19352509445185181 
1982000 0.1582158982333334 
1983000 0.1878586340777778 
1984000 0.14576443268518535 
1985000 0.18531452821851874 
1986000 0.17997450082962968 
1987000 0.1524819232074075 
1988000 0.18024731041481473 
1989000 0.20746656978888894 
1990000 0.17658346635185185 
1991000 0.15761230743703705 
1992000 0.16485421656296298 
1993000 0.16492507916666668 
1994000 0.14233190700370374 
1995000 0.20997904694814823 
1996000 0.17375769212222228 
1997000 0.1678147686518519 
1998000 0.20615347401481485 
1999000 0.16031336188518525 
2000000 0.23212714638148152 
2001000 0.17869521636666683 
2002000 0.2121125882925927 
2003000 0.17705464262962967 
2004000 0.17618537682592603 
2005000 0.19490842235925931 
2006000 0.19536208391851861 
2007000 0.2143881321925926 
2008000 0.2050079346592593 
2009000 0.17861728545185193 
2010000 0.20191546075555566 
2011000 0.21813997930370377 
2012000 0.18238565654444444 
2013000 0.10050070610740747 
2014000 0.18742369094444455 
2015000 0.12704135785925932 
2016000 0.13924855891851853 
2017000 0.14573123223333337 
2018000 0.18062243122962957 
2019000 0.1584412069703703 
2020000 0.14496975458148142 
2021000 0.15137542633333345 
2022000 0.1521584559370371 
2023000 0.19304867983333338 
2024000 0.15625923004814823 
2025000 0.15911839945555553 
2026000 0.16674482155185194 
2027000 0.14141557237777785 
2028000 0.1388450385407409 
2029000 0.13025664328518513 
2030000 0.12822868168888893 
2031000 0.1822043779407407 
2032000 0.15451140388148144 
2033000 0.2173940486111112 
2034000 0.16559702030740736 
2035000 0.15064416806296302 
2036000 0.15327500221111123 
2037000 0.2048347420481481 
2038000 0.19642255562962982 
2039000 0.1739964368999999 
2040000 0.18385357810740743 
2041000 0.17318695975555562 
2042000 0.25199691677777775 
2043000 0.2078244384074075 
2044000 0.14305216044074087 
2045000 0.1825089162222223 
2046000 0.1667462045777779 
2047000 0.21060245245925932 
2048000 0.1579852601555555 
2049000 0.2034394746481482 
2050000 0.21475106631111116 
2051000 0.19944634532222225 
2052000 0.22487790058518528 
2053000 0.17475046341851866 
2054000 0.1928208370592593 
2055000 0.17019969223333356 
2056000 0.17177907699999995 
2057000 0.16371125897037034 
2058000 0.18459939374444445 
2059000 0.1788824290111111 
2060000 0.21338086182222224 
2061000 0.19028529674814806 
2062000 0.22805645525185178 
2063000 0.20173723242962968 
2064000 0.20087204190370367 
2065000 0.18167993368148158 
2066000 0.22618240422962965 
2067000 0.2111131795222222 
2068000 0.237525079962963 
2069000 0.17803694236666662 
2070000 0.20049891084814814 
2071000 0.2106427881370371 
2072000 0.19445283284814815 
2073000 0.18527173374444453 
2074000 0.19483341297407428 
2075000 0.18736269578888898 
2076000 0.18650064376296302 
2077000 0.22958854183333324 
2078000 0.17458048338888885 
2079000 0.21577440995555547 
2080000 0.21128028636666674 
2081000 0.21684053032962966 
2082000 0.2449667986444444 
2083000 0.21284494950740745 
2084000 0.2199510873592592 
2085000 0.18795978483703704 
2086000 0.24997039746296298 
2087000 0.17263026765185183 
2088000 0.22656032071851862 
2089000 0.2598513325148147 
2090000 0.18608792054074075 
2091000 0.19865922148888895 
2092000 0.19315826361481495 
2093000 0.23015754655555554 
2094000 0.24257906588148145 
2095000 0.19968895137037043 
2096000 0.20476843868888897 
2097000 0.16845266143703697 
2098000 0.21142498555925926 
2099000 0.21525070887407416 
2100000 0.1816029715814814 
